         598
  0.000000000000000E+000  0.000000000000000E+000
  0.113113113113116       2.482822477170171E-003
  0.226226226226231       2.389870080934906E-002
  0.339339339339340       6.517992006825918E-002
  0.452452452452455       0.107089695009382     
  0.565565565565564       0.149408996608283     
  0.678678678678679       0.194365402401413     
  0.791791791791795       0.242028348052454     
  0.904904904904910       0.285569502663177     
   1.01801801801802       0.327948583468273     
   1.13113113113113       0.370427230413192     
   1.24424424424424       0.412778487993067     
   1.35735735735736       0.454441290506820     
   1.47047047047047       0.494265064711755     
   1.58358358358359       0.534865176492296     
   1.69669669669670       0.575838531565314     
   1.80980980980981       0.617586644596393     
   1.92292292292292       0.658888348301864     
   2.03603603603604       0.699863028660956     
   2.14914914914915       0.741466796411733     
   2.26226226226227       0.783605179190545     
   2.37537537537538       0.826428801122187     
   2.48848848848849       0.868046156419052     
   2.60160160160160       0.909777537077922     
   2.71471471471472       0.951840278017481     
   2.82782782782783       0.994505033170901     
   2.94094094094095        1.03708990675951     
   3.05405405405406        1.07920356162092     
   3.16716716716717        1.12165357793916     
   3.28028028028028        1.16440441520743     
   3.39339339339340        1.20765378518575     
   3.50650650650651        1.25052356312063     
   3.61961961961962        1.29354103646869     
   3.73273273273274        1.33692106855885     
   3.84584584584585        1.38054266369083     
   3.95895895895896        1.42417190194210     
   4.07207207207207        1.46776903421599     
   4.18518518518519        1.51162699757865     
   4.29829829829830        1.55583344518324     
   4.41141141141141        1.60013241763725     
   4.52452452452452        1.64429551627011     
   4.63763763763764        1.68859618264094     
   4.75075075075075        1.73318558459146     
   4.86386386386387        1.77810820119031     
   4.97697697697698        1.82288020649392     
   5.09009009009009        1.86778200456113     
   5.20320320320320        1.91276292195905     
   5.31631631631632        1.95803653951374     
   5.42942942942943        2.00344978687822     
   5.54254254254255        2.04885295917576     
   5.65565565565566        2.09447993852532     
   5.76876876876877        2.14021482240748     
   5.88188188188188        2.18613950420671     
   5.99499499499500        2.23206574130698     
   6.10810810810811        2.27822416462743     
   6.22122122122123        2.32468120053335     
   6.33433433433434        2.37127940302071     
   6.44744744744745        2.41785110518794     
   6.56056056056056        2.46451818977040     
   6.67367367367368        2.51155347959070     
   6.78678678678679        2.55892951659422     
   6.89989989989991        2.60643341606150     
   7.01301301301302        2.65385829306093     
   7.12612612612612        2.70146640193223     
   7.23923923923924        2.74947622263671     
   7.35235235235236        2.79785214908336     
   7.46546546546547        2.84625573301027     
   7.57857857857859        2.89472285890305     
   7.69169169169169        2.94338487965128     
   7.80480480480480        2.99245395632911     
   7.91791791791792        3.04175381999620     
   8.03103103103103        3.09121934972643     
   8.14414414414415        3.14085313924758     
   8.25725725725726        3.19066959771820     
   8.37037037037037        3.24083524854637     
   8.48348348348348        3.29117380719465     
   8.59659659659660        3.34179944351501     
   8.70970970970971        3.39268010059347     
   8.82282282282283        3.44379354614733     
   8.93593593593594        3.49508226551361     
   9.04904904904905        3.54665642209792     
   9.16216216216216        3.59855436401371     
   9.27527527527528        3.65076347846453     
   9.38838838838839        3.70325854803146     
   9.50150150150151        3.75576864248205     
   9.61461461461462        3.80868231434371     
   9.72772772772773        3.86193495109262     
   9.84084084084084        3.91551824167743     
   9.95395395395396        3.96936558941370     
   10.0670670670671        4.02325258221615     
   10.1801801801802        4.07754117533413     
   10.2932932932933        4.13218203184555     
   10.4064064064064        4.18714334093906     
   10.5195195195195        4.24238834489844     
   10.6326326326326        4.29770109861243     
   10.7457457457458        4.35339607906525     
   10.8588588588589        4.40945529934652     
   10.9719719719720        4.46579580799188     
   11.0850850850851        4.52246988015568     
   11.1981981981982        4.57926184150222     
   11.3113113113113        4.63641354806093     
   11.4244244244244        4.69390787607652     
   11.5375375375375        4.75168888540697     
   11.6506506506507        4.80986951619035     
   11.7637637637638        4.86817878278223     
   11.8768768768769        4.92682112461953     
   11.9899899899900        4.98577575323379     
   12.1031031031031        5.04505935606843     
   12.2162162162162        5.10475745225489     
   12.3293293293293        5.16461939692525     
   12.4424424424424        5.22470722467875     
   12.5555555555556        5.28513366537535     
   12.6686686686687        5.34590799796505     
   12.7817817817818        5.40709127168837     
   12.8948948948949        5.46848833461125     
   13.0080080080080        5.53004080507784     
   13.1211211211211        5.59195011543922     
   13.2342342342342        5.65418424711246     
   13.3473473473474        5.71682135836765     
   13.4604604604605        5.77967618611900     
   13.5735735735736        5.84267019332254     
   13.6866866866867        5.90601150438798     
   13.7997997997998        5.96964707546425     
   13.9129129129129        6.03368623630116     
   14.0260260260260        6.09794208022542     
   14.1391391391391        6.16232907482514     
   14.2522522522523        6.22699626627997     
   14.3653653653654        6.29196702937752     
   14.4784784784785        6.35728485004817     
   14.5915915915916        6.42286682736777     
   14.7047047047047        6.48854904047735     
   14.8178178178178        6.55447407719800     
   14.9309309309309        6.62068969362946     
   15.0440440440440        6.68724611485133     
   15.1571571571572        6.75408261937340     
   15.2702702702703        6.82096501197084     
   15.3833833833834        6.88807120666143     
   15.4964964964965        6.95542169964802     
   15.6096096096096        7.02314162597861     
   15.7227227227227        7.09111167241323     
   15.8358358358358        7.15908895726698     
   15.9489489489490        7.22725603292947     
   16.0620620620621        7.29562762926500     
   16.1751751751752        7.36439663795159     
   16.2882882882883        7.43335885035640     
   16.4014014014014        7.50230956988668     
   16.5145145145145        7.57137838208915     
   16.6276276276276        7.64069439596763     
   16.7407407407407        7.71034927957532     
   16.8538538538539        7.78022851996735     
   16.9669669669670        7.85006890042510     
   17.0800800800801        7.91993389642955     
   17.1931931931932        7.99008987877109     
   17.3063063063063        8.06050570374493     
   17.4194194194194        8.13118913705746     
   17.5325325325325        8.20178228207001     
   17.6456456456456        8.27232978934834     
   17.7587587587588        8.34312480383998     
   17.8718718718719        8.41420679597609     
   17.9849849849850        8.48555587776557     
   18.0980980980981        8.55668775625159     
   18.2112112112112        8.62762466560369     
   18.3243243243243        8.69869299006875     
   18.4374374374374        8.77026635181253     
   18.5505505505506        8.84214826014594     
   18.6636636636637        8.91392621029843     
   18.7767767767768        8.98563232685667     
   18.8898898898899        9.05734932924740     
   19.0030030030030        9.12904189468379     
   19.1161161161161        9.20143060996988     
   19.2292292292292        9.27372126912071     
   19.3423423423423        9.34559230689754     
   19.4554554554555        9.41734608806469     
   19.5685685685686        9.48919620507578     
   19.6816816816817        9.56232845936153     
   19.7947947947948        9.63483053698626     
   19.9079079079079        9.70736928604161     
   20.0210210210210        9.77970061865679     
   20.1341341341341        9.85215704687597     
   20.2472472472472        9.92500028271629     
   20.3603603603604        9.99703003593028     
   20.4734734734735        10.0688517229219     
   20.5865865865866        10.1408481299341     
   20.6996996996997        10.2129649851021     
   20.8128128128128        10.2858978567588     
   20.9259259259259        10.3584200167637     
   21.0390390390390        10.4308582781912     
   21.1521521521522        10.5038474046651     
   21.2652652652653        10.5771377265184     
   21.3783783783784        10.6485537263801     
   21.4914914914915        10.7192900773078     
   21.6046046046046        10.7901827986325     
   21.7177177177177        10.8608638197248     
   21.8308308308308        10.9317692668224     
   21.9439439439439        11.0029383476562     
   22.0570570570571        11.0737687861343     
   22.1701701701702        11.1442304777147     
   22.2832832832833        11.2149668928987     
   22.3963963963964        11.2859390374578     
   22.5095095095095        11.3574201657027     
   22.6226226226226        11.4290388761532     
   22.7357357357357        11.4996433351934     
   22.8488488488488        11.5691469110044     
   22.9619619619620        11.6386483209344     
   23.0750750750751        11.7081347571516     
   23.1881881881882        11.7780888529455     
   23.3013013013013        11.8479019814379     
   23.4144144144144        11.9173094346293     
   23.5275275275275        11.9862939344357     
   23.6406406406407        12.0551491192404     
   23.7537537537538        12.1241022279578     
   23.8668668668669        12.1934509797361     
   23.9799799799800        12.2626876334372     
   24.0930930930931        12.3315280740267     
   24.2062062062062        12.3994287959692     
   24.3193193193193        12.4672257236553     
   24.4324324324324        12.5344740086577     
   24.5455455455456        12.6021579359259     
   24.6586586586587        12.6695336611526     
   24.7717717717718        12.7368842155468     
   24.8848848848849        12.8038410627585     
   24.9979979979980        12.8704864536459     
   25.1111111111111        12.9362065997995     
   25.2242242242242        13.0020674736341     
   25.3373373373373        13.0679532852944     
   25.4504504504504        13.1337771759639     
   25.5635635635636        13.1993275392017     
   25.6766766766767        13.2646291282456     
   25.7897897897898        13.3287635199588     
   25.9029029029029        13.3927342146461     
   26.0160160160160        13.4567430640681     
   26.1291291291291        13.5210458917241     
   26.2422422422423        13.5853232521928     
   26.3553553553554        13.6487803788915     
   26.4684684684685        13.7112514827209     
   26.5815815815816        13.7729080518828     
   26.6946946946947        13.8347876217199     
   26.8078078078078        13.8966830633318     
   26.9209209209209        13.9591673417690     
   27.0340340340340        14.0212337065048     
   27.1471471471472        14.0822763668522     
   27.2602602602603        14.1420924962990     
   27.3733733733734        14.2021345580148     
   27.4864864864865        14.2624429560279     
   27.5995995995996        14.3231558613167     
   27.7127127127127        14.3831760659583     
   27.8258258258258        14.4422510059222     
   27.9389389389389        14.4998455176292     
   28.0520520520520        14.5572994943074     
   28.1651651651652        14.6150093058827     
   28.2782782782783        14.6733094078569     
   28.3913913913914        14.7315091022702     
   28.5045045045045        14.7891186986846     
   28.6176176176176        14.8452019958453     
   28.7307307307307        14.9009390241557     
   28.8438438438439        14.9569112044019     
   28.9569569569570        15.0134512828156     
   29.0700700700701        15.0689836753996     
   29.1831831831832        15.1243789462378     
   29.2962962962963        15.1785671482786     
   29.4094094094094        15.2315310124139     
   29.5225225225225        15.2849142848085     
   29.6356356356356        15.3388867728359     
   29.7487487487488        15.3923796521989     
   29.8618618618619        15.4457350464183     
   29.9749749749750        15.4986188807062     
   30.0880880880881        15.5499764459518     
   30.2012012012012        15.6017283571708     
   30.3143143143143        15.6535790463151     
   30.4274274274274        15.7045767848982     
   30.5405405405405        15.7553560514925     
   30.6536536536536        15.8059402740409     
   30.7667667667668        15.8551976824408     
   30.8798798798799        15.9042529518667     
   30.9929929929930        15.9537450079388     
   31.1061061061061        16.0025267100653     
   31.2192192192192        16.0513193583223     
   31.3323323323323        16.0999317782342     
   31.4454454454455        16.1481006940897     
   31.5585585585586        16.1954877545884     
   31.6716716716717        16.2426517745634     
   31.7847847847848        16.2890494702315     
   31.8978978978979        16.3355024618744     
   32.0110110110110        16.3817061049446     
   32.1241241241241        16.4280043569783     
   32.2372372372372        16.4727674221235     
   32.3503503503504        16.5178749687334     
   32.4634634634635        16.5621037735802     
   32.5765765765766        16.6064461870776     
   32.6896896896897        16.6508328886303     
   32.8028028028028        16.6953259405041     
   32.9159159159159        16.7386642433044     
   33.0290290290290        16.7812876876206     
   33.1421421421421        16.8235278022868     
   33.2552552552552        16.8657672989009     
   33.3683683683684        16.9081394932610     
   33.4814814814815        16.9506533226968     
   33.5945945945946        16.9918726768738     
   33.7077077077077        17.0326760150308     
   33.8208208208208        17.0729589462950     
   33.9339339339339        17.1131734963073     
   34.0470470470471        17.1537257042176     
   34.1601601601602        17.1940804038428     
   34.2732732732733        17.2336776248627     
   34.3863863863864        17.2723000942543     
   34.4994994994995        17.3107944936374     
   34.6126126126126        17.3492653721825     
   34.7257257257257        17.3881481677704     
   34.8388388388388        17.4263916097381     
   34.9519519519520        17.4644666169864     
   35.0650650650651        17.5012767707431     
   35.1781781781782        17.5378620337439     
   35.2912912912913        17.5745086362319     
   35.4044044044044        17.6112321094905     
   35.5175175175175        17.6474455261310     
   35.6306306306306        17.6834761651802     
   35.7437437437437        17.7185797464860     
   35.8568568568569        17.7537332845438     
   35.9699699699700        17.7890143806302     
   36.0830830830831        17.8239451367863     
   36.1961961961962        17.8585352327615     
   36.3093093093093        17.8933860843121     
   36.4224224224224        17.9268211316315     
   36.5355355355355        17.9602326233183     
   36.6486486486487        17.9934137833955     
   36.7617617617618        18.0261797581902     
   36.8748748748749        18.0590186833541     
   36.9879879879880        18.0916141289827     
   37.1011011011011        18.1238929655529     
   37.2142142142142        18.1561447765010     
   37.3273273273273        18.1878520422025     
   37.4404404404404        18.2194883062444     
   37.5535535535536        18.2512066963334     
   37.6666666666667        18.2827012144089     
   37.7797797797798        18.3133966573697     
   37.8928928928929        18.3435268428906     
   38.0060060060060        18.3732080898217     
   38.1191191191191        18.4030255915566     
   38.2322322322322        18.4327240905305     
   38.3453453453454        18.4623740999283     
   38.4584584584585        18.4919334719875     
   38.5715715715716        18.5208389775032     
   38.6846846846847        18.5498131861131     
   38.7977977977978        18.5788299153568     
   38.9109109109109        18.6078619658146     
   39.0240240240240        18.6363989459616     
   39.1371371371371        18.6638399621899     
   39.2502502502503        18.6908557498982     
   39.3633633633634        18.7180013067785     
   39.4764764764765        18.7449570130824     
   39.5895895895896        18.7719987820608     
   39.7027027027027        18.7985018610355     
   39.8158158158158        18.8250240746358     
   39.9289289289289        18.8516472803662     
   40.0420420420420        18.8781170475054     
   40.1551551551552        18.9046499072189     
   40.2682682682683        18.9309503919201     
   40.3813813813814        18.9559285457071     
   40.4944944944945        18.9806927310801     
   40.6076076076076        19.0054078003653     
   40.7207207207207        19.0296929756940     
   40.8338338338338        19.0539818224362     
   40.9469469469470        19.0775564863421     
   41.0600600600601        19.1014723853962     
   41.1731731731732        19.1257292902027     
   41.2862862862863        19.1497384584225     
   41.3993993993994        19.1736713024089     
   41.5125125125125        19.1971912127872     
   41.6256256256256        19.2203253703723     
   41.7387387387387        19.2427705007538     
   41.8518518518519        19.2647728596756     
   41.9649649649650        19.2863789861980     
   42.0780780780781        19.3076003326212     
   42.1911911911912        19.3285861383728     
   42.3043043043043        19.3496158469504     
   42.4174174174174        19.3707131432646     
   42.5305305305305        19.3920339759579     
   42.6436436436436        19.4128756224599     
   42.7567567567568        19.4338048585674     
   42.8698698698699        19.4548452294253     
   42.9829829829830        19.4743502173822     
   43.0960960960961        19.4932597915832     
   43.2092092092092        19.5117325769557     
   43.3223223223223        19.5299977708156     
   43.4354354354354        19.5480587075594     
   43.5485485485486        19.5655965885820     
   43.6616616616617        19.5826027722947     
   43.7747747747748        19.6002394224117     
   43.8878878878879        19.6181627187691     
   44.0010010010010        19.6358981695118     
   44.1141141141141        19.6534087845938     
   44.2272272272272        19.6699993704467     
   44.3403403403403        19.6850046552870     
   44.4534534534535        19.7001290556214     
   44.5665665665666        19.7147535455427     
   44.6796796796797        19.7288114024232     
   44.7927927927928        19.7418849938141     
   44.9059059059059        19.7549803646360     
   45.0190190190190        19.7677285717477     
   45.1321321321321        19.7813557800878     
   45.2452452452452        19.7947791325102     
   45.3583583583584        19.8079912187132     
   45.4714714714715        19.8206054874441     
   45.5845845845846        19.8317721595155     
   45.6976976976977        19.8419524255729     
   45.8108108108108        19.8513902229159     
   45.9239239239239        19.8604426854186     
   46.0370370370370        19.8691091340506     
   46.1501501501502        19.8767470262877     
   46.2632632632633        19.8836935615105     
   46.3763763763764        19.8908145985349     
   46.4894894894895        19.8989516456728     
   46.6026026026026        19.9069258059481     
   46.7157157157157        19.9143226634516     
   46.8288288288288        19.9198917015702     
   46.9419419419419        19.9236931996172     
   47.0550550550551        19.9272434222232     
   47.1681681681682        19.9299541491665     
   47.2812812812813        19.9318420133253     
   47.3943943943944        19.9328302150584     
   47.5075075075075        19.9329092533400     
   47.6206206206206        19.9320797946922     
   47.7337337337337        19.9329380949234     
   47.8468468468468        19.9334627555382     
   47.9599599599600        19.9339733022092     
   48.0730730730731        19.9333722525047     
   48.1861861861862        19.9294969707573     
   48.2992992992993        19.9242151428357     
   48.4124124124124        19.9188495421228     
   48.5255255255255        19.9127539671401     
   48.6386386386387        19.9050632116766     
   48.7517517517518        19.8961534553425     
   48.8648648648649        19.8868458314170     
   48.9779779779780        19.8768673740387     
   49.0910910910911        19.8680901757736     
   49.2042042042042        19.8599328943576     
   49.3173173173173        19.8501822342205     
   49.4304304304304        19.8363903328224     
   49.5435435435435        19.8215445941202     
   49.6566566566567        19.8055320453149     
   49.7697697697698        19.7873962595313     
   49.8828828828829        19.7688574438468     
   49.9959959959960        19.7495486722319     
   50.1091091091091        19.7276764277475     
   50.2222222222222        19.7045064136408     
   50.3353353353353        19.6845654888857     
   50.4484484484484        19.6636262975986     
   50.5615615615616        19.6410227701524     
   50.6746746746747        19.6155455140706     
   50.7877877877878        19.5878361639146     
   50.9009009009009        19.5571966355662     
   51.0140140140140        19.5254664449287     
   51.1271271271271        19.4920547611458     
   51.2402402402403        19.4567195782767     
   51.3533533533534        19.4207083113986     
   51.4664664664665        19.3827957102420     
   51.5795795795796        19.3459237965161     
   51.6926926926927        19.3094208762430     
   51.8058058058058        19.2713486169319     
   51.9189189189189        19.2285599908632     
   52.0320320320320        19.1837118286364     
   52.1451451451452        19.1376001756172     
   52.2582582582583        19.0881401861520     
   52.3713713713714        19.0353303153409     
   52.4844844844845        18.9819766056226     
   52.5975975975976        18.9262231350604     
   52.7107107107107        18.8687905723545     
   52.8238238238238        18.8133588649491     
   52.9369369369369        18.7590206811443     
   53.0500500500500        18.7008478613769     
   53.1631631631632        18.6371094465017     
   53.2762762762763        18.5718155577594     
   53.3893893893894        18.5042405142886     
   53.5025025025025        18.4339344638857     
   53.6156156156156        18.3608960591963     
   53.7287287287287        18.2845356002150     
   53.8418418418419        18.2055987024264     
   53.9549549549550        18.1252563010668     
   54.0680680680681        18.0468367742879     
   54.1811811811812        17.9705640823136     
   54.2942942942943        17.8893252902000     
   54.4074074074074        17.8013636648948     
   54.5205205205205        17.7104370647833     
   54.6336336336336        17.6169809498510     
   54.7467467467468        17.5206296744504     
   54.8598598598599        17.4213411720106     
   54.9729729729730        17.3178586158090     
   55.0860860860861        17.2126399480113     
   55.1991991991992        17.1049960216616     
   55.3123123123123        16.9968749129647     
   55.4254254254254        16.8928467392100     
   55.5385385385385        16.7832855245118     
   55.6516516516516        16.6660794561754     
   55.7647647647648        16.5458697340023     
   55.8778778778779        16.4223043100576     
   55.9909909909910        16.2960471285829     
   56.1041041041041        16.1659069724010     
   56.2172172172172        16.0317704592898     
   56.3303303303303        15.8951704806269     
   56.4434434434435        15.7556631265508     
   56.5565565565566        15.6130343688147     
   56.6696696696697        15.4794360238751     
   56.7827827827828        15.3393916854632     
   56.8958958958959        15.1899228007820     
   57.0090090090090        15.0359528067660     
   57.1221221221221        14.8790955362495     
   57.2352352352352        14.7200002202580     
   57.3483483483484        14.5577604174052     
   57.4614614614615        14.3915495058577     
   57.5745745745746        14.2214132456607     
   57.6876876876877        14.0483021203412     
   57.8008008008008        13.8717303603725     
   57.9139139139139        13.7019983351225     
   58.0270270270270        13.5300009568750     
   58.1401401401401        13.3475899801347     
   58.2532532532532        13.1613528274847     
   58.3663663663664        12.9715393878773     
   58.4794794794795        12.7786151791860     
   58.5925925925926        12.5829238320107     
   58.7057057057057        12.3833192864375     
   58.8188188188188        12.1804619387768     
   58.9319319319319        11.9747072363459     
   59.0450450450451        11.7656422509203     
   59.1581581581582        11.5597378104787     
   59.2712712712713        11.3578439084324     
   59.3843843843844        11.1452358766924     
   59.4974974974975        10.9271210776072     
   59.6106106106106        10.7058653845434     
   59.7237237237237        10.4820244068735     
   59.8368368368368        10.2555599034178     
   59.9499499499500        10.0269137832960     
   60.0630630630631        9.79659000950698     
   60.1761761761762        9.56238069285593     
   60.2892892892893        9.32532604595295     
   60.4024024024024        9.08609349222849     
   60.5155155155155        8.85703203832844     
   60.6286286286286        8.61625188124117     
   60.7417417417417        8.37039087033871     
   60.8548548548548        8.12006237558181     
   60.9679679679680        7.86730817158242     
   61.0810810810811        7.61225770042076     
   61.1941941941942        7.35477192379619     
   61.3073073073073        7.09694637939066     
   61.4204204204204        6.83734014890961     
   61.5335335335335        6.57421976505486     
   61.6466466466467        6.31043013375795     
   61.7597597597598        6.04514972698357     
   61.8728728728729        5.77864308397804     
   61.9859859859860        5.51399469532228     
   62.0990990990991        5.24656147147788     
   62.2122122122122        4.97848129821234     
   62.3253253253253        4.71002103720661     
   62.4384384384384        4.44227858161895     
   62.5515515515516        4.17249734228990     
   62.6646646646647        3.90772899518968     
   62.7777777777778        3.64297297173816     
   62.8908908908909        3.38487667563286     
   63.0040040040040        3.13965029393203     
   63.1171171171171        2.90162084606084     
   63.2302302302302        2.67225016387663     
   63.3433433433433        2.45148616183596     
   63.4564564564565        2.23768814757843     
   63.5695695695696        2.03361093910948     
   63.6826826826827        1.83830578020779     
   63.7957957957958        1.65290716539465     
   63.9089089089089        1.47856899009149     
   64.0220220220220        1.31291573574410     
   64.1351351351351        1.16131656468047     
   64.2482482482482        1.02284545112258     
   64.3613613613614       0.895507041384532     
   64.4744744744745       0.780392756172185     
   64.5875875875876       0.679239513817173     
   64.7007007007007       0.592528320062785     
   64.8138138138138       0.516155336054176     
   64.9269269269269       0.456695318863873     
   65.0400400400400       0.417993727186976     
   65.1531531531531       0.380887392748307     
   65.2662662662663       0.345326597729946     
   65.3793793793794       0.311086627521663     
   65.4924924924925       0.278516961546754     
   65.6056056056056       0.247262406845744     
   65.7187187187187       0.217751058717621     
   65.8318318318318       0.189688050441427     
   65.9449449449449       0.163496830575504     
   66.0580580580580       0.138920920771155     
   66.1711711711712       0.116294144398212     
   66.2842842842843       9.547601583428467E-002
   66.3973973973974       7.673673149573923E-002
   66.5105105105105       5.993248453859401E-002
   66.6236236236236       4.526213471782592E-002
   66.7367367367367       3.269634705473878E-002
   66.8498498498498       2.230221613841510E-002
   66.9629629629630       1.412024224869024E-002
   67.0760760760761       7.904820335478346E-003
   67.1891891891892       3.743758794468866E-003
   67.3023023023023       1.117919156150338E-003
   67.4154154154154       7.350696275637558E-005
   67.5285285285285       0.000000000000000E+000
