         601
  0.000000000000000E+000  0.000000000000000E+000
  0.113113113113116       1.772080502201237E-005
  0.226226226226224       3.078506086033720E-004
  0.339339339339340       9.536815873695512E-004
  0.452452452452455       1.955213741320550E-003
  0.565565565565571       3.312447070456351E-003
  0.678678678678679       5.025381574776875E-003
  0.791791791791795       7.094017254282284E-003
  0.904904904904903       9.518354108972360E-003
   1.01801801801802       1.229839213884740E-002
   1.13113113113113       1.543413307734927E-002
   1.24424424424425       1.892557548612304E-002
   1.35735735735736       2.277271919615208E-002
   1.47047047047047       2.697556439772691E-002
   1.58358358358358       3.153411109084688E-002
   1.69669669669670       3.644835927551270E-002
   1.80980980980981       4.171830895172391E-002
   1.92292292292292       4.734396011948035E-002
   2.03603603603604       5.332531087669266E-002
   2.14914914914915       5.966236110893839E-002
   2.26226226226226       6.635511229008520E-002
   2.37537537537538       7.340356572885884E-002
   2.48848848848849       8.080772079578788E-002
   2.60160160160160       8.856757708492391E-002
   2.71471471471472       9.668313459626783E-002
   2.82782782782783       0.105154393329819     
   2.94094094094094       0.113981354085083     
   3.05405405405406       0.123164020733956     
   3.16716716716717       0.132702389289222     
   3.28028028028028       0.142596459753347     
   3.39339339339340       0.152846227991120     
   3.50650650650650       0.163451705000837     
   3.61961961961962       0.174412879514959     
   3.73273273273274       0.185729755641934     
   3.84584584584585       0.197402333381762     
   3.95895895895896       0.209430607318511     
   4.07207207207207       0.221814580675608     
   4.18518518518518       0.234554254976346     
   4.29829829829830       0.247649630227398     
   4.41141141141141       0.261100706420918     
   4.52452452452453       0.274907483713497     
   4.63763763763764       0.289069962430953     
   4.75075075075075       0.303588142312744     
   4.86386386386386       0.318462026683831     
   4.97697697697698       0.333691617781081     
   5.09009009009009       0.349276910405529     
   5.20320320320320       0.365217904557482     
   5.31631631631632       0.381514600236895     
   5.42942942942943       0.398166997442943     
   5.54254254254254       0.415175096176094     
   5.65565565565566       0.432538895459183     
   5.76876876876877       0.465262013408119     
   5.88188188188188       0.468333585731689     
   5.99499499499500       0.486764478149818     
   6.10810810810811       0.505551072234878     
   6.22122122122122       0.524693368005879     
   6.33433433433434       0.544191365455833     
   6.44744744744745       0.564045064573500     
   6.56056056056056       0.584254465365592     
   6.67367367367368       0.604819567846736     
   6.78678678678678       0.625740373754423     
   6.89989989989990       0.647016881490059     
   7.01301301301302       0.668649089932483     
   7.12612612612613       0.690636999081689     
   7.23923923923924       0.712980608937670     
   7.35235235235236       0.735679919500425     
   7.46546546546546       0.758734930769944     
   7.57857857857858       0.782145642743543     
   7.69169169169169       0.805912058417621     
   7.80480480480481       0.830034185275855     
   7.91791791791792       0.854512011344587     
   8.03103103103103       0.879345538610919     
   8.14414414414414       0.904534767404564     
   8.25725725725726       0.930079697725649     
   8.37037037037037       0.955980329577795     
   8.48348348348349       0.982236662957302     
   8.59659659659660        1.04246584953618     
   8.70970970970971        1.03581642145888     
   8.82282282282282        1.06313984377847     
   8.93593593593594        1.09081896629570     
   9.04904904904905        1.11885379616019     
   9.16216216216217        1.14724432594143     
   9.27527527527528        1.17599055691859     
   9.38838838838839        1.20509248909166     
   9.50150150150150        1.23455012246064     
   9.61461461461462        1.26436346478847     
   9.72772772772773        1.29453251852825     
   9.84084084084084        1.32505727513788     
   9.95395395395396        1.35593773440061     
   10.0670670670671        1.38717389634066     
   10.1801801801802        1.41876576135645     
   10.2932932932933        1.45071332903667     
   10.4064064064064        1.48301659952146     
   10.5195195195195        1.51567557148643     
   10.6326326326326        1.54869022845367     
   10.7457457457457        1.58206058560853     
   10.8588588588589        1.61578664277391     
   10.9719719719720        1.64986839988773     
   11.0850850850851        1.68430585689516     
   11.1981981981982        1.71909901331990     
   11.3113113113113        1.75424786857705     
   11.4244244244244        1.84939109701180     
   11.5375375375375        1.82561268988783     
   11.6506506506507        1.86182866442119     
   11.7637637637638        1.89840034101090     
   11.8768768768769        1.93532771950221     
   11.9899899899900        1.97261079974133     
   12.1031031031031        2.01024958189748     
   12.2162162162162        2.04824406596909     
   12.3293293293293        2.08659424391263     
   12.4424424424424        2.12530011510778     
   12.5555555555556        2.16436167362142     
   12.6686686686687        2.20377893402606     
   12.7817817817818        2.24355189626933     
   12.8948948948949        2.28368056035259     
   13.0080080080080        2.32416492627711     
   13.1211211211211        2.36500499404413     
   13.2342342342342        2.40620076365482     
   13.3473473473473        2.52931696756709     
   13.4604604604605        2.48965941913524     
   13.5735735735736        2.53192230418019     
   13.6866866866867        2.57454088955174     
   13.7997997997998        2.61751517522752     
   13.9129129129129        2.66084516120403     
   14.0260260260260        2.70453084750821     
   14.1391391391391        2.74857223413993     
   14.2522522522523        2.88603756897099     
   14.3653653653654        2.83772212214773     
   14.4784784784785        2.88283064061650     
   14.5915915915916        2.92829485780670     
   14.7047047047047        2.97411478012905     
   14.8178178178178        3.02029040402581     
   14.9309309309309        3.06682172949695     
   15.0440440440440        3.11370875654147     
   15.1571571571572        3.16095148515341     
   15.2702702702703        3.20854991144863     
   15.3833833833834        3.25650401470753     
   15.4964964964965        3.30481381793920     
   15.6096096096096        3.35347932105603     
   15.7227227227227        3.40250052165881     
   15.8358358358358        3.45187742235644     
   15.9489489489489        3.50161002314760     
   16.0620620620621        3.55169832403103     
   16.1751751751752        3.72217401074344     
   16.2882882882883        3.65294204798719     
   16.4014014014014        3.70409748015697     
   16.5145145145145        3.75560861497123     
   16.6276276276276        3.80747545244031     
   16.7407407407407        3.85969798049466     
   16.8538538538539        3.91227620413827     
   16.9669669669670        3.96521013022957     
   17.0800800800801        4.15240536073735     
   17.1931931931932        4.07214507842957     
   17.3063063063063        4.12614608148332     
   17.4194194194194        4.18050278686638     
   17.5325325325325        4.23521519430367     
   17.6456456456457        4.29028330379955     
   17.7587587587588        4.34570712009874     
   17.8718718718719        4.40148664541835     
   17.9849849849850        4.45762188369449     
   18.0980980980981        4.66453350090007     
   18.2112112112112        4.57189223031307     
   18.3243243243243        4.62892681370772     
   18.4374374374374        4.68515297666353     
   18.5505505505506        4.74027405606170     
   18.6636636636637        4.79418297942319     
   18.7767767767768        4.84728229088952     
   18.8898898898899        4.89956722573349     
   19.0030030030030        4.95050117540734     
   19.1161161161161        5.00047701411782     
   19.2292292292292        5.04963740254380     
   19.3423423423423        5.09787773390759     
   19.4554554554555        5.14473335734567     
   19.5685685685686        5.19077241310730     
   19.6816816816817        5.23599051659609     
   19.7947947947948        5.28004778759553     
   19.9079079079079        5.47342838109979     
   20.0210210210210        5.36506750224449     
   20.1341341341341        5.40634017569827     
   20.2472472472473        5.44622260732245     
   20.3603603603604        5.48520518356335     
   20.4734734734735        5.52336065010366     
   20.5865865865866        5.56053113053522     
   20.6996996996997        5.59640029862784     
   20.8128128128128        5.63144137897105     
   20.9259259259259        5.66565050484031     
   21.0390390390390        5.69864967177810     
   21.1521521521522        5.71746763252798     
   21.2652652652653        5.71746763252797     
   21.3783783783784        5.71746763252797     
   21.4914914914915        5.71746763252797     
   21.6046046046046        5.71746763252798     
   21.7177177177177        5.86792733113748     
   21.8308308308308        5.71746763252797     
   21.9439439439439        5.71746763252797     
   22.0570570570571        5.71746763252797     
   22.1701701701702        5.71746763252797     
   22.2832832832833        5.71746763252797     
   22.3963963963964        5.71746763252797     
   22.5095095095095        5.71746763252797     
   22.6226226226226        5.71746763252797     
   22.7357357357357        5.71746763252797     
   22.8488488488489        5.71746763252797     
   22.9619619619620        5.71746762482209     
   23.0750750750751        5.71746763252797     
   23.1881881881882        5.71746763252797     
   23.3013013013013        5.71746763252797     
   23.4144144144144        5.71746763252797     
   23.5275275275275        5.86792735848094     
   23.6406406406406        5.71746763252797     
   23.7537537537538        5.71746763252797     
   23.8668668668669        5.71746763252797     
   23.9799799799800        5.71746763252797     
   24.0930930930931        5.71746763252797     
   24.2062062062062        5.71746763252797     
   24.3193193193193        5.71746763252797     
   24.4324324324324        5.71746763252797     
   24.5455455455455        5.71746763252797     
   24.6586586586587        5.71746763252797     
   24.7717717717718        5.71746763933200     
   24.8848848848849        5.71746763252797     
   24.9979979979980        5.71746763252797     
   25.1111111111111        5.71746763252797     
   25.2242242242242        5.71746763252797     
   25.3373373373373        5.71746763252797     
   25.4504504504505        5.71746763252797     
   25.5635635635636        5.71746763252797     
   25.6766766766767        5.71746763252797     
   25.7897897897898        5.71746763252797     
   25.9029029029029        5.71746763252797     
   26.0160160160160        5.71746763252797     
   26.1291291291291        5.71746763252797     
   26.2422422422422        5.71746763252797     
   26.3553553553554        5.71746763252797     
   26.4684684684685        5.71746763252797     
   26.5815815815816        5.71746763153003     
   26.6946946946947        5.71746763252797     
   26.8078078078078        5.71746763252797     
   26.9209209209209        5.71746763252797     
   27.0340340340340        5.71746763252797     
   27.1471471471471        5.71746763252797     
   27.2602602602603        5.86792735850799     
   27.3733733733734        5.71746763252797     
   27.4864864864865        5.71746763252797     
   27.5995995995996        5.71746763252797     
   27.7127127127127        5.71746763252797     
   27.8258258258258        5.71746763252797     
   27.9389389389389        5.71746763252797     
   28.0520520520521        5.71746763252797     
   28.1651651651652        5.71746763252797     
   28.2782782782783        5.71746763252797     
   28.3913913913914        5.71746763252797     
   28.5045045045045        5.71746763252797     
   28.6176176176176        5.71746763252797     
   28.7307307307307        5.71746763252797     
   28.8438438438438        5.71746763252797     
   28.9569569569570        5.71746763252797     
   29.0700700700701        5.86792738710695     
   29.1831831831832        5.71746763252797     
   29.2962962962963        5.71746763252797     
   29.4094094094094        5.71746763252797     
   29.5225225225225        5.71746763252797     
   29.6356356356356        5.71746763252797     
   29.7487487487487        5.71746763252797     
   29.8618618618619        5.71746763252797     
   29.9749749749750        5.71746763252797     
   30.0880880880881        5.71746763252797     
   30.2012012012012        5.71746763252797     
   30.3143143143143        5.71746763252797     
   30.4274274274274        5.71746763252797     
   30.5405405405405        5.71746763252797     
   30.6536536536537        5.71746763252797     
   30.7667667667668        5.71746763252797     
   30.8798798798799        5.86792732417584     
   30.9929929929930        5.71746763252797     
   31.1061061061061        5.71746763252797     
   31.2192192192192        5.71746763252797     
   31.3323323323323        5.71746763252797     
   31.4454454454455        5.71746763252797     
   31.5585585585586        5.71746763252797     
   31.6716716716717        5.71746763252797     
   31.7847847847848        5.71746763252797     
   31.8978978978979        5.71746763252797     
   32.0110110110110        5.71746763252797     
   32.1241241241241        5.71746761509966     
   32.2372372372372        5.71746763252797     
   32.3503503503503        5.71746763252797     
   32.4634634634635        5.71746763252797     
   32.5765765765766        5.71746763252797     
   32.6896896896897        5.86792735138032     
   32.8028028028028        5.71746763252797     
   32.9159159159159        5.71746763252797     
   33.0290290290290        5.71746763252797     
   33.1421421421421        5.71746763252797     
   33.2552552552553        5.71746763252797     
   33.3683683683684        5.71746763252797     
   33.4814814814815        5.71746763252797     
   33.5945945945946        5.71746763252797     
   33.7077077077077        5.71746763252797     
   33.8208208208208        5.71746763252797     
   33.9339339339339        5.71746762987571     
   34.0470470470471        5.71746763252797     
   34.1601601601602        5.71746763252797     
   34.2732732732733        5.71746763252797     
   34.3863863863864        5.71746763252798     
   34.4994994994995        5.71746763252798     
   34.6126126126126        5.71746763252798     
   34.7257257257257        5.71746763252798     
   34.8388388388388        5.71746763252798     
   34.9519519519519        5.71746763252798     
   35.0650650650651        5.71746763252798     
   35.1781781781782        5.71746763252798     
   35.2912912912913        5.71746763252798     
   35.4044044044044        5.71746763252798     
   35.5175175175175        5.71746763252798     
   35.6306306306306        5.71746763252798     
   35.7437437437438        5.71746763878519     
   35.8568568568569        5.71746763252798     
   35.9699699699700        5.71746763252798     
   36.0830830830831        5.71746763252798     
   36.1961961961962        5.71746763252798     
   36.3093093093093        5.71746763252798     
   36.4224224224224        5.86792735187099     
   36.5355355355355        5.71746763252798     
   36.6486486486487        5.71746763252798     
   36.7617617617618        5.71746763252798     
   36.8748748748749        5.71746763252798     
   36.9879879879880        5.71746763252798     
   37.1011011011011        5.71746763252798     
   37.2142142142142        5.71746763252798     
   37.3273273273273        5.71746763252798     
   37.4404404404404        5.71746763252798     
   37.5535535535535        5.71746763252798     
   37.6666666666667        5.71746763252798     
   37.7797797797798        5.71746763252798     
   37.8928928928929        5.71746763252798     
   38.0060060060060        5.71746763252798     
   38.1191191191191        5.71746763252798     
   38.2322322322322        5.86792737985179     
   38.3453453453454        5.71746763252798     
   38.4584584584585        5.71746763252798     
   38.5715715715716        5.71746763252798     
   38.6846846846847        5.71746763252798     
   38.7977977977978        5.71746763252798     
   38.9109109109109        5.71746763252798     
   39.0240240240240        5.71746763252798     
   39.1371371371371        5.71746763252798     
   39.2502502502503        5.71746763252798     
   39.3633633633634        5.71746763252798     
   39.4764764764765        5.71746763252798     
   39.5895895895896        5.71746763252797     
   39.7027027027027        5.71746763252797     
   39.8158158158158        5.71746763252797     
   39.9289289289289        5.71746763252797     
   40.0420420420420        5.86792731726087     
   40.1551551551551        5.71746763252797     
   40.2682682682683        5.71746763252797     
   40.3813813813814        5.71746763252797     
   40.4944944944945        5.71746763252797     
   40.6076076076076        5.71746763252797     
   40.7207207207207        5.71746763252797     
   40.8338338338338        5.71746763252797     
   40.9469469469470        5.71746763252797     
   41.0600600600601        5.71746763252797     
   41.1731731731732        5.71746763252797     
   41.2862862862863        5.71746761092645     
   41.3993993993994        5.71746763252797     
   41.5125125125125        5.71746763252797     
   41.6256256256256        5.71746763252797     
   41.7387387387387        5.71746763252797     
   41.8518518518519        5.86792734427971     
   41.9649649649650        5.71746763252797     
   42.0780780780781        5.71746763252797     
   42.1911911911912        5.71746763252797     
   42.3043043043043        5.71746763252797     
   42.4174174174174        5.71746763252797     
   42.5305305305305        5.71746763252797     
   42.6436436436436        5.71746763252797     
   42.7567567567568        5.71746763252797     
   42.8698698698699        5.71746763252797     
   42.9829829829830        5.71746763252797     
   43.0960960960961        5.71746762048279     
   43.2092092092092        5.71746763252797     
   43.3223223223223        5.71746763252797     
   43.4354354354354        5.71746763252797     
   43.5485485485486        5.71746763252797     
   43.6616616616617        5.71746763252797     
   43.7747747747748        5.71746763252797     
   43.8878878878879        5.71746763252797     
   44.0010010010010        5.71746763252797     
   44.1141141141141        5.71746763252797     
   44.2272272272272        5.71746763252797     
   44.3403403403403        5.71746763252797     
   44.4534534534535        5.71746763252797     
   44.5665665665666        5.71746763252797     
   44.6796796796797        5.71746763252798     
   44.7927927927928        5.71746763252798     
   44.9059059059059        5.71746764604034     
   45.0190190190190        5.71746763252798     
   45.1321321321321        5.71746763252798     
   45.2452452452453        5.71746763252798     
   45.3583583583584        5.71746763252798     
   45.4714714714715        5.71746763252798     
   45.5845845845846        5.86792734526371     
   45.6976976976977        5.71746763252798     
   45.8108108108108        5.71746763252798     
   45.9239239239239        5.71746763252798     
   46.0370370370370        5.71746763252798     
   46.1501501501502        5.71746763252798     
   46.2632632632633        5.71746763252798     
   46.3763763763764        5.71746763252798     
   46.4894894894895        5.71746763252798     
   46.6026026026026        5.71746763252798     
   46.7157157157157        5.71746763252798     
   46.8288288288288        5.71746763252798     
   46.9419419419419        5.71746763252798     
   47.0550550550551        5.71746763252798     
   47.1681681681682        5.71746763252798     
   47.2812812812813        5.71746763252798     
   47.3943943943944        5.86792737259664     
   47.5075075075075        5.71746763252798     
   47.6206206206206        5.71746763252798     
   47.7337337337337        5.71746763252798     
   47.8468468468469        5.71746763252798     
   47.9599599599600        5.71746763252798     
   48.0730730730731        5.71746763252798     
   48.1861861861862        5.71746763252798     
   48.2992992992993        5.71746763252798     
   48.4124124124124        5.71746763252797     
   48.5255255255255        5.71746763252797     
   48.6386386386386        5.71746763252797     
   48.7517517517518        5.71746763252797     
   48.8648648648649        5.71746763252797     
   48.9779779779780        5.71746763252797     
   49.0910910910911        5.71746763252797     
   49.2042042042042        5.86792731420195     
   49.3173173173173        5.71746763252797     
   49.4304304304304        5.71746763252797     
   49.5435435435435        5.71746763252797     
   49.6566566566567        5.71746763252797     
   49.7697697697698        5.71746763252798     
   49.8828828828829        5.71746763252798     
   49.9959959959960        5.71746763252798     
   50.1091091091091        5.71746763252798     
   50.2222222222222        5.71746763252798     
   50.3353353353353        5.71746763252798     
   50.4484484484485        5.71746761802707     
   50.5615615615616        5.71746763252798     
   50.6746746746747        5.71746763252798     
   50.7877877877878        5.71746763252798     
   50.9009009009009        5.71746763252798     
   51.0140140140140        5.86792733721089     
   51.1271271271271        5.71746763252798     
   51.2402402402402        5.71746763252798     
   51.3533533533534        5.71746763252798     
   51.4664664664665        5.71746763252798     
   51.5795795795796        5.71746763252798     
   51.6926926926927        5.71746763252798     
   51.8058058058058        5.71746763252798     
   51.9189189189189        5.71746763252798     
   52.0320320320320        5.71746763252798     
   52.1451451451451        5.71746763252798     
   52.2582582582583        5.71746761104763     
   52.3713713713714        5.71746763252798     
   52.4844844844845        5.71746763252797     
   52.5975975975976        5.71746763252798     
   52.7107107107107        5.71746763252798     
   52.8238238238238        5.71746763252798     
   52.9369369369369        5.72397583443861     
   53.0500500500501        5.67938484322958     
   53.1631631631632        5.63323437510477     
   53.2762762762763        5.58599776116330     
   53.3893893893894        5.53768277358602     
   53.5025025025025        5.48755330443609     
   53.6156156156156        5.43618363235393     
   53.7287287287287        5.38373758449828     
   53.8418418418418        5.33004826640277     
   53.9549549549550        5.27453971127656     
   54.0680680680681        5.21795677527288     
   54.1811811811812        5.16030801613627     
   54.2942942942943        5.10107289291830     
   54.4074074074074        5.04034684365019     
   54.5205205205205        4.97855720589673     
   54.6336336336336        4.91571328209821     
   54.7467467467467        4.85091504264168     
   54.8598598598599        4.78497791464373     
   54.9729729729730        4.71798893698873     
   55.0860860860861        4.64966919306413     
   55.1991991991992        4.66490181476174     
   55.3123123123123        4.50843656014771     
   55.4254254254254        4.43625662789605     
   55.5385385385386        4.36236482779174     
   55.6516516516517        4.28706439142598     
   55.7647647647648        4.21072759818360     
   55.8778778778779        4.13334847756439     
   55.9909909909910        4.13023787775359     
   56.1041041041041        3.97798582292272     
   56.2172172172172        3.90141619878016     
   56.3303303303303        3.82559067464091     
   56.4434434434434        3.75050925070230     
   56.5565565565566        3.67617192764117     
   56.6696696696697        3.60257868442047     
   56.7827827827828        3.59495589576430     
   56.8958958958959        3.45762451427962     
   57.0090090090090        3.38626358105442     
   57.1221221221221        3.31564674841591     
   57.2352352352352        3.24577402844815     
   57.3483483483483        3.17664540817780     
   57.4614614614615        3.10826088453379     
   57.5745745745746        3.09680849552127     
   57.6876876876877        2.97372412982944     
   57.8008008008008        2.90757190682280     
   57.9139139139139        2.84216374198633     
   58.0270270270270        2.77749967681600     
   58.1401401401402        2.71357969952588     
   58.2532532532533        2.65040380954258     
   58.3663663663664        2.63579549794666     
   58.4794794794795        2.52628430863435     
   58.5925925925926        2.46534070757584     
   58.7057057057057        2.40514120495483     
   58.8188188188188        2.34568580069346     
   58.9319319319319        2.28697449476602     
   59.0450450450451        2.22900728604941     
   59.1581581581582        2.21191687347327     
   59.2712712712713        2.11530523323700     
   59.3843843843844        2.05957043757677     
   59.4974974974975        2.00457974337418     
   59.6106106106106        1.95033315042860     
   59.7237237237237        1.89683065122818     
   59.8368368368368        1.84407225285798     
   59.9499499499499        1.82517366675252     
   60.0630630630631        1.74078762463254     
   60.1761761761762        1.69026132198648     
   60.2892892892893        1.64047911991828     
   60.4024024024024        1.59144101812870     
   60.5155155155155        1.54314701153376     
   60.6286286286286        1.49559709922525     
   60.7417417417418        1.47556366783982     
   60.8548548548549        1.40272969972658     
   60.9679679679680        1.35741225285135     
   61.0810810810811        1.31283889835592     
   61.1941941941942        1.26900963722684     
   61.3073073073073        1.22592446918720     
   61.4204204204204        1.18358339430812     
   61.5335335335335        1.14198645900798     
   61.6466466466467        1.10113340624405     
   61.7597597597598        1.06102447972158     
   61.8728728728729        1.02165965778411     
   61.9859859859860       0.983038940862261     
   62.0990990990991       0.945162327960917     
   62.2122122122122       0.908029812232957     
   62.3253253253253       0.871641372642174     
   62.4384384384384       0.835997168713813     
   62.5515515515515       0.801097055892330     
   62.6646646646647       0.766941034720658     
   62.7777777777778       0.733529104945238     
   62.8908908908909       0.700861283409788     
   63.0040040040040       0.668937576245205     
   63.1171171171171       0.637757978012006     
   63.2302302302302       0.607322374027004     
   63.3433433433434       0.577630875808861     
   63.4564564564565       0.548683480141857     
   63.5695695695696       0.520480171518633     
   63.6826826826827       0.493020946115706     
   63.7957957957958       0.466305803470167     
   63.9089089089089       0.440334757255983     
   64.0220220220220       0.415107886921951     
   64.1351351351351       0.390625113398748     
   64.2482482482482       0.366886453865318     
   64.3613613613614       0.343891909654491     
   64.4744744744745       0.321641480411183     
   64.5875875875876       0.300135166101089     
   64.7007007007007       0.279372948447986     
   64.8138138138138       0.259354761719073     
   64.9269269269269       0.240080657316614     
   65.0400400400400       0.221550634692288     
   65.1531531531531       0.203764694330158     
   65.2662662662663       0.186722835899051     
   65.3793793793794       0.170425064384427     
   65.4924924924925       0.154871415568745     
   65.6056056056056       0.140061918158138     
   65.7187187187187       0.125996535897109     
   65.8318318318318       0.112675269001815     
   65.9449449449450       0.100098117062406     
   66.0580580580581       8.826506586286233E-002
   66.1711711711712       7.717610656441923E-002
   66.2842842842843       6.683122243897510E-002
   66.3973973973974       5.723040008955720E-002
   66.5105105105105       4.837366048481257E-002
   66.6236236236236       4.026100805284610E-002
   66.7367367367367       3.289245985614943E-002
   66.8498498498498       2.626801754362596E-002
   66.9629629629630       2.038768111527563E-002
   67.0760760760761       1.525146225438509E-002
   67.1891891891892       1.085936691598701E-002
   67.3023023023023       7.211372194898508E-003
   67.4154154154154       4.307468982514378E-003
   67.5285285285285       2.147657278834967E-003
   67.6416416416416       7.319370838592422E-004
   67.7547547547547       6.030839758783154E-005
   67.8678678678679       0.000000000000000E+000
