 -0.3393393      0.0000000E+00
  0.0000000E+00   1.205397    
  0.3393393      0.3273194    
  0.6786786      3.8189650E-02
   1.018018     -6.1575767E-02
   1.357357     -4.4249166E-02
   1.696697     -0.1042112    
   2.036036      1.1269143E-02
   2.375375     -1.0025241E-02
   2.714715      1.6960394E-02
   3.054054      9.4217509E-03
   3.393393     -6.9056563E-02
   3.732733     -4.2444983E-04
   4.072072      1.3155892E-02
   4.411411      5.9960880E-03
   4.750751      1.3396068E-02
   5.090090      1.4700437E-03
   5.429429      7.1307668E-03
   5.768768      1.0803725E-02
   6.108108      1.4050343E-02
   6.447447      1.2600966E-02
   6.786786      5.8938231E-02
   7.126126      4.0668447E-02
   7.465465      1.2236594E-02
   7.804804      1.9110460E-02
   8.144144      1.6692242E-02
   8.483483      6.1037868E-02
   8.822823      4.5037169E-02
   9.162162      2.1309422E-02
   9.501501      2.2029949E-02
   9.840840      1.9735854E-02
   10.18018      6.9716945E-02
   10.51952      5.9372868E-02
   10.85886      2.3793869E-02
   11.19820      2.2750352E-02
   11.53754      2.3495853E-02
   11.87688      5.5819936E-02
   12.21622      5.9401385E-02
   12.55555      2.5864342E-02
   12.89489      2.0340322E-02
   13.23423      2.4224527E-02
   13.57357      3.3806674E-02
   13.91291      3.9836112E-02
   14.25225      2.2220310E-02
   14.59159      1.6961310E-02
   14.93093      2.1301020E-02
   15.27027      4.8283689E-02
   15.60961      9.2740603E-02
   15.94895      1.7292585E-02
   16.28829      1.0700202E-02
   16.62763      1.7723244E-02
   16.96697      1.7641615E-02
   17.30630      4.2731665E-02
   17.64565      1.2158634E-02
   17.98498     -6.9567875E-04
   18.32432      1.8153902E-02
   18.66366     -8.2818893E-05
   19.00300      1.8650815E-02
   19.34234      1.6729417E-03
   19.68168      5.4494836E-03
   20.02102     -3.3127930E-04
   20.36036     -5.5654300E-03
   20.69970      0.1194911    
   21.03904     -1.6563779E-03
   21.37838     -4.6726421E-02
   21.71772      5.1347716E-03
   22.05706     -6.4105429E-03
   22.39639      4.2983487E-02
   22.73573     -4.4805024E-02
   23.07507      5.9960880E-03
   23.41441     -2.0671597E-02
   23.75375      5.4660472E-03
   24.09309      0.2348413    
   24.43243      2.4746286E-02
   24.77177     -2.6800195E-02
   25.11111     -1.5205549E-02
   25.45045     -2.2394480E-02
   25.78979      1.9810280E-02
   26.12913     -8.6794207E-03
   26.46847     -4.1508831E-02
   26.80781      1.3583063E-03
   27.14714     -4.7140516E-02
   27.48648      0.1148864    
   27.82582     -2.1268131E-02
   28.16516      1.1727156E-02
   28.50450     -5.4859236E-02
   28.84384     -2.8158424E-03
   29.18318      0.1301913    
   29.52252      9.7096875E-02
   29.86186     -4.1972619E-02
   30.20120     -2.0472832E-02
   30.54054     -4.1144427E-02
   30.87988      0.1250579    
   31.21922      7.2847500E-02
   31.55856     -3.6109038E-02
   31.89790     -2.3851842E-02
   32.23724     -3.1173034E-02
   32.57658      0.1467981    
   32.91591      0.1079296    
   33.25525     -8.6462926E-03
   33.59459     -4.1773852E-02
   33.93393     -6.9567873E-03
   34.27327     -6.5393798E-02
   34.61261     -3.3061303E-02
   34.95195     -4.4887841E-02
   35.29129     -9.3088439E-03
   35.63063     -2.9781675E-02
   35.96997      0.2146666    
   36.30931      0.3709955    
   36.64865     -1.5902299E-02
   36.98798     -1.6928183E-02
   37.32732     -1.2157814E-02
   37.66666     -6.0358413E-02
   38.00600     -7.1191125E-02
   38.34534     -1.5106167E-02
   38.68468     -7.3211906E-03
   39.02402     -4.3264590E-02
   39.36336      7.9042353E-02
   39.70270      0.3508871    
   40.04204     -1.5636558E-02
   40.38138     -3.5181466E-02
   40.72072     -1.7226331E-02
   41.06006      3.1340081E-02
   41.39939      0.1760982    
   41.73874     -3.7036609E-02
   42.07808     -1.4841147E-02
   42.41742     -2.6503834E-04
   42.75675     -1.0865839E-02
   43.09609      0.4366875    
   43.43543     -2.2791760E-02
   43.77477      8.6794207E-03
   44.11411     -5.6051828E-02
   44.45345     -4.3132082E-02
   44.79279      0.1845205    
   45.13213      5.9629604E-03
   45.47147     -7.3741943E-02
   45.81081     -4.6974879E-02
   46.15015     -2.7429618E-02
   46.48949      0.4666348    
   46.82883     -3.2400936E-02
   47.16816     -6.1683513E-02
   47.50750     -2.0804107E-02
   47.84684     -3.9223030E-02
   48.18618      0.6363804    
   48.52552      9.9978969E-02
   48.86486     -8.8119302E-03
   49.20420     -9.9713951E-02
   49.54354     -0.1240958    
   49.88288      0.1336366    
   50.22222      9.5341116E-02
   50.56156     -0.1766361    
   50.90090     -0.1447044    
   51.24024     -8.9580953E-02
   51.57957      0.6159738    
   51.91891      0.1623840    
   52.25826     -0.1865744    
   52.59760     -4.6181895E-02
   52.93693     -0.1735222    
   53.27627      0.3149839    
   53.61561      0.1760398    
   53.95495     -2.6502046E-03
   54.29429     -0.3161032    
   54.63363     -0.2324892    
   54.97297      7.5530834E-02
   55.31231      0.1875020    
   55.65165     -0.3407501    
   55.99099     -0.2677369    
   56.33033     -0.1289987    
   56.66967      0.3907064    
   57.00901      0.5897103    
   57.34834     -0.2713810    
   57.68768     -7.6789685E-02
   58.02702     -0.3487007    
   58.36636     -0.1060744    
   58.70570      4.5185991E-02
   59.04504     -2.3719331E-02
   59.38438     -0.3715587    
   59.72372     -0.1931999    
   60.06306     -0.7962540    
   60.40240      -1.708057    
   60.74174     -0.3686435    
   61.08108     -0.1456288    
   61.42042     -0.1501442    
   61.75975     -0.3060986    
   62.09909      -1.192327    
   62.43843      4.3065827E-02
   62.77777      0.5034064    
   63.11711      0.6722244    
   63.45645      0.3152418    
   63.79579      -2.488410    
   64.13513      0.9612293    
   64.47447       1.013306    
   64.81381       1.119977    
   65.15315      0.2246048    
   65.49249      -2.463895    
   65.83183      0.1339678    
   66.17117      0.1481464    
   66.51051      0.1625901    
   66.84985      0.1656378    
   67.18919     -0.1800895    
   67.52853      1.4443615E-02
   67.86787      0.0000000E+00
