  variables=x-Bh,<greek>D</greek>p/p<sub>0</sub> 
          -1           0
 -0.3393393      0.0000000E+00
  -15.98065      1.9935923E-02
  -15.64131      1.9935923E-02
  -20.61082      2.6558738E-02
  -13.31741      1.7883506E-02
  -8.859028      1.2744980E-02
  -6.459611      1.0175027E-02
  -4.206723      7.7878670E-03
  -3.599886      7.4541620E-03
  -3.351650      7.5678141E-03
  -2.882146      7.4054319E-03
  -2.481085      7.3284339E-03
 -0.8994038      5.7786088E-03
 -0.2173452      5.3510647E-03
 -0.2891026      5.8639087E-03
  6.8491459E-02  5.8411369E-03
  0.4239869      5.8209822E-03
  0.8964944      5.6548538E-03
   1.347719      5.5152755E-03
   1.672840      5.5330140E-03
   1.976896      5.5770297E-03
   2.318130      5.5746664E-03
   2.067476      6.3106851E-03
   2.015079      6.7993770E-03
   2.650729      6.4297291E-03
   3.147704      6.2330789E-03
   3.501659      6.2148455E-03
   3.294530      6.8965657E-03
   3.243499      7.3835547E-03
   3.798175      7.1149212E-03
   4.301133      6.9108065E-03
   4.693323      6.8448754E-03
   4.414194      7.6164175E-03
   4.208905      8.2958443E-03
   4.795961      7.9868184E-03
   5.404902      7.6504909E-03
   5.797087      7.5845653E-03
   5.732386      8.0886083E-03
   5.585185      8.6955568E-03
   6.078543      8.5034193E-03
   6.722202      8.1237797E-03
   7.125800      8.0436179E-03
   7.345259      8.1931707E-03
   7.484977      8.4421989E-03
   7.907327      8.3386442E-03
   8.456474      8.0769090E-03
   8.848090      8.0116950E-03
   8.832557      8.4544001E-03
   8.220309      9.6415095E-03
   8.740451      9.4159590E-03
   9.717148      8.6208535E-03
   10.18376      8.4620789E-03
   10.56848      8.4054507E-03
   10.63765      8.7425085E-03
   11.07955      8.6145476E-03
   11.86837      8.0538243E-03
   12.24052      8.0128945E-03
   12.73761      7.8160986E-03
   13.09567      7.7927504E-03
   13.54776      7.6520937E-03
   14.06400      7.4314023E-03
   14.55021      7.2481828E-03
   15.11949      6.9613280E-03
   13.99091      8.7925699E-03
   14.32254      8.8021904E-03
   16.13604      6.9631715E-03
   16.63929      6.7586848E-03
   16.91964      6.8322676E-03
   16.81309      7.3885149E-03
   17.75978      6.6308379E-03
   18.40775      6.2458320E-03
   18.84679      6.1214520E-03
   19.22280      6.0757054E-03
   16.37539      1.0051187E-02
   16.27326      1.0601926E-02
   18.50329      8.2432823E-03
   19.51540      7.4040014E-03
   20.23124      6.9343164E-03
   20.38789      7.1622161E-03
   20.80253      7.0682834E-03
   21.91017      6.1098207E-03
   22.31051      6.0337116E-03
   23.08920      5.4856297E-03
   21.98565      7.2856434E-03
   22.25615      7.3715076E-03
   23.19142      6.6280859E-03
   24.24439      5.7378332E-03
   24.82146      5.4412666E-03
   23.16917      7.9258289E-03
   22.11534      9.6638110E-03
   23.79188      7.9956586E-03
   25.22229      6.6345423E-03
   26.07817      5.9901518E-03
   24.78764      8.0234250E-03
   23.88347      9.5747067E-03
   25.48150      8.0044782E-03
   26.80524      6.7764428E-03
   27.55393      6.2657744E-03
   25.94383      8.6976951E-03
   24.61784      1.0775199E-02
   25.97191      9.5093194E-03
   27.76517      7.6955459E-03
   28.44010      7.2769076E-03
   29.57772      6.2810453E-03
   30.47862      5.5804946E-03
   31.11840      5.2056988E-03
   31.42873      5.2418830E-03
   31.88651      5.0941398E-03
   29.31845      8.7211253E-03
   24.36336      1.5325950E-02
   25.96307      1.3753620E-02
   29.12812      1.0228537E-02
   30.07320      9.4728759E-03
   31.47733      8.1445416E-03
   32.99408      6.6757184E-03
   33.40675      6.5842457E-03
   33.50996      6.8788156E-03
   34.36682      6.2332093E-03
   33.68217      7.5106327E-03
   29.06834      1.3689731E-02
   29.84120      1.3148918E-02
   33.00764      9.6220998E-03
   33.94595      8.8748801E-03
   33.96054      9.2799934E-03
   32.03021      1.2111431E-02
   33.07148      1.1235763E-02
   34.93230      9.3377121E-03
   35.37241      9.2119966E-03
   35.97083      8.8887913E-03
   30.68907      1.5901130E-02
   31.05170      1.5872071E-02
   34.20807      1.2357826E-02
   35.69232      1.0929541E-02
   37.08541      9.6149873E-03
   34.96443      1.2684243E-02
   34.99781      1.3065930E-02
   37.62579      1.0210843E-02
   39.00415      8.9146625E-03
   39.52985      8.6821783E-03
   33.54204      1.6575329E-02
   33.84416      1.6621744E-02
   38.08044      1.1760287E-02
   39.08847      1.0926093E-02
   39.93771      1.0290000E-02
   31.96848      2.0654971E-02
   30.39885      2.3036417E-02
   34.97506      1.7750911E-02
   38.05744      1.4328959E-02
   40.72890      1.1419627E-02
   39.25613      1.3680236E-02
   37.73048      1.6006822E-02
   41.33284      1.1936196E-02
   44.63352      8.2419040E-03
   45.48750      7.5998856E-03
   36.90517      1.8729698E-02
   33.99079      2.2788739E-02
   40.54707      1.5033083E-02
   43.30191      1.2019730E-02
   45.39124      9.8366058E-03
   41.66615      1.4906994E-02
   38.49741      1.9283334E-02
   40.75037      1.6896093E-02
   46.77881      9.7989179E-03
   50.90323      5.0770114E-03
   48.75950      8.1746504E-03
   45.03134      1.3248881E-02
   50.01144      7.4595134E-03
   55.34565      1.2283933E-03
   55.61991      1.3095812E-03
   48.96869      1.0030334E-02
   39.96383      2.1687239E-02
   45.54854      1.5143626E-02
   51.04205      8.7137790E-03
   55.01755      4.1776518E-03
   56.74870      2.4413667E-03
   54.42776      5.7600662E-03
   54.09699      6.5960395E-03
   59.40342      3.9957764E-04
   62.32359     -2.8200164E-03
   70.88264     -1.3074145E-02
   92.81158     -4.0007245E-02
   93.79837     -4.0814955E-02
   84.23975     -2.8467206E-02
   81.74195     -2.4927869E-02
   83.12822     -2.6233919E-02
   96.77850     -4.2839371E-02
   94.01483     -3.8968354E-02
   78.48148     -1.9167112E-02
   67.35218     -4.8599332E-03
   64.41792     -7.7610149E-04
   100.8992     -4.5863371E-02
   92.38719     -3.4821231E-02
   62.63872      2.7134328E-03
   50.83947      1.7856378E-02
   52.88800      1.5724149E-02
   93.13513     -3.4060974E-02
   96.28284     -3.7564423E-02
   79.68761     -1.6438479E-02
   76.68015     -1.2263336E-02
   74.45746     -9.0671871E-03
   77.34509     -1.2246203E-02
   78.24654     -1.2947441E-02
   78.72995     -1.2195848E-02
   78.20410     -1.0185199E-02
   78.28040     -8.9257332E-03
   78.62077     -7.9957088E-03
   79.11767     -7.2609372E-03
   79.72016     -6.6579035E-03
   80.39925     -6.1504114E-03
   81.13652     -5.7155248E-03
   81.91949     -5.3376299E-03
   82.73921     -5.0055939E-03
   83.58908     -4.7111572E-03
   84.46405     -4.4480404E-03
   85.36020     -4.2113434E-03
   86.27441     -3.9971815E-03
   87.20417     -3.8024203E-03
   88.14745     -3.6245051E-03
   89.10251     -3.4613025E-03
   90.06796     -3.3110566E-03
   91.04259     -3.1722724E-03
   92.02541     -3.0436935E-03
   93.01553     -2.9242262E-03
   94.01221     -2.8129418E-03
   95.01480     -2.7090339E-03
   96.02274     -2.6117968E-03
   97.03555     -2.5206162E-03
   98.05276     -2.4349506E-03
   99.07401     -2.3543208E-03
   100.0990     -2.2783021E-03
   101.1273     -2.2065155E-03
   102.1588     -2.1386214E-03
   103.1931     -2.0743255E-03
   104.2301     -2.0133525E-03
   105.2696     -1.9554519E-03
   106.3114     -1.9004075E-03
   107.3552     -1.8480149E-03
   108.4011     -1.7980953E-03
   109.4488     -1.7504810E-03
   110.4983     -1.7050203E-03
   111.5493     -1.6615754E-03
   112.6019     -1.6200163E-03
   113.6559     -1.5802296E-03
   114.7112     -1.5421058E-03
   115.7678     -1.5055488E-03
   116.8256     -1.4704647E-03
   117.8844     -1.4367698E-03
   118.9444     -1.4043858E-03
   120.0053     -1.3732414E-03
   121.0672     -1.3432670E-03
   122.1299     -1.3144048E-03
   123.1935     -1.2865925E-03
