 -0.3393393      0.0000000E+00
  0.0000000E+00  0.1117551    
  0.3393393      0.1117551    
  0.6786786      0.1488807    
   1.018018      0.1002498    
   1.357357      7.1444705E-02
   1.696697      5.7038285E-02
   2.036036      4.3656550E-02
   2.375375      4.1785896E-02
   2.714715      4.2422999E-02
   3.054054      4.1512731E-02
   3.393393      4.1081101E-02
   3.732733      3.2393225E-02
   4.072072      2.9996537E-02
   4.411411      3.2871392E-02
   4.750751      3.2743741E-02
   5.090090      3.2630756E-02
   5.429429      3.1699490E-02
   5.768768      3.0917054E-02
   6.108108      3.1016493E-02
   6.447447      3.1263232E-02
   6.786786      3.1249983E-02
   7.126126      3.5375893E-02
   7.465465      3.8115360E-02
   7.804804      3.6043219E-02
   8.144144      3.4940854E-02
   8.483483      3.4838643E-02
   8.822823      3.8660172E-02
   9.162162      4.1390091E-02
   9.501501      3.9884210E-02
   9.840840      3.8740002E-02
   10.18018      3.8370412E-02
   10.51952      4.2695455E-02
   10.85886      4.6504129E-02
   11.19820      4.4771817E-02
   11.53754      4.2886462E-02
   11.87688      4.2516902E-02
   12.21622      4.5342419E-02
   12.55555      4.8744801E-02
   12.89489      4.7667731E-02
   13.23423      4.5539584E-02
   13.57357      4.5090221E-02
   13.91291      4.5928568E-02
   14.25225      4.7324549E-02
   14.59159      4.6744052E-02
   14.93093      4.5276839E-02
   15.27027      4.4911265E-02
   15.60961      4.7392946E-02
   15.94895      5.4047540E-02
   16.28829      5.2783169E-02
   16.62763      4.8326038E-02
   16.96697      4.7435988E-02
   17.30630      4.7118548E-02
   17.64565      4.9007997E-02
   17.98498      4.8290689E-02
   18.32432      4.5147430E-02
   18.66366      4.4917990E-02
   19.00300      4.3814812E-02
   19.34234      4.3683928E-02
   19.68168      4.2895444E-02
   20.02102      4.1658312E-02
   20.36036      4.0631238E-02
   20.69970      3.9023209E-02
   21.03904      4.9288627E-02
   21.37838      4.9342554E-02
   21.71772      3.9033543E-02
   22.05706      3.7887249E-02
   22.39639      3.8299736E-02
   22.73573      4.1417897E-02
   23.07507      3.7170578E-02
   23.41441      3.5012346E-02
   23.75375      3.4315106E-02
   24.09309      3.4058664E-02
   24.43243      5.6344077E-02
   24.77177      5.9431363E-02
   25.11111      4.6209477E-02
   25.45045      4.1504711E-02
   25.78979      3.8871791E-02
   26.12913      4.0149331E-02
   26.46847      3.9622772E-02
   26.80781      3.4249905E-02
   27.14714      3.3823259E-02
   27.48648      3.0750867E-02
   27.82582      4.0841229E-02
   28.16516      4.1322559E-02
   28.50450      3.7155151E-02
   28.84384      3.2164648E-02
   29.18318      3.0502182E-02
   29.52252      4.4429924E-02
   29.86186      5.4172561E-02
   30.20120      4.4821370E-02
   30.54054      3.7191343E-02
   30.87988      3.3579074E-02
   31.21922      4.4977020E-02
   31.55856      5.3673066E-02
   31.89790      4.4870812E-02
   32.23724      3.7986796E-02
   32.57658      3.5124134E-02
   32.91591      4.8756786E-02
   33.25525      6.0402680E-02
   33.59459      5.3306516E-02
   33.93393      4.3139026E-02
   34.27327      4.0792260E-02
   34.61261      3.5209741E-02
   34.95195      3.1282652E-02
   35.29129      2.9181655E-02
   35.63063      2.9384496E-02
   35.96997      2.8556287E-02
   36.30931      4.8888128E-02
   36.64865      8.5912883E-02
   36.98798      7.7098854E-02
   37.32732      5.7338249E-02
   37.66666      5.3102225E-02
   38.00600      4.5655966E-02
   38.34534      3.7422165E-02
   38.68468      3.6909394E-02
   39.02402      3.8560670E-02
   39.36336      3.4941588E-02
   39.70270      4.2102456E-02
   40.04204      7.6740712E-02
   40.38138      7.3709063E-02
   40.72072      5.3938735E-02
   41.06006      4.9750037E-02
   41.39939      5.2020982E-02
   41.73874      6.7893215E-02
   42.07808      6.2984474E-02
   42.41742      5.2344538E-02
   42.75675      5.1639814E-02
   43.09609      4.9828015E-02
   43.43543      8.9137182E-02
   43.77477      8.8974282E-02
   44.11411      6.9274433E-02
   44.45345      6.1267871E-02
   44.79279      5.3898867E-02
   45.13213      7.1104228E-02
   45.47147      7.3243864E-02
   45.81081      5.7239059E-02
   46.15015      4.9973045E-02
   46.48949      4.8669808E-02
   46.82883      9.2916541E-02
   47.16816      9.3176737E-02
   47.50750      6.5924801E-02
   47.84684      6.1248552E-02
   48.18618      5.7682790E-02
   48.52552      0.1157858    
   48.86486      0.1291355    
   49.20420      9.9506535E-02
   49.54354      8.0324039E-02
   49.88288      6.4015158E-02
   50.22222      7.6687485E-02
   50.56156      8.9729652E-02
   50.90090      6.6910900E-02
   51.24024      4.6201751E-02
   51.57957      4.2602781E-02
   51.91891      0.1049933    
   52.25826      0.1277471    
   52.59760      8.4271155E-02
   52.93693      6.7379162E-02
   53.27627      5.5141196E-02
   53.61561      8.3564341E-02
   53.95495      0.1080968    
   54.29429      9.4714664E-02
   54.63363      5.4929927E-02
   54.97297      2.8460274E-02
   55.31231      4.5824748E-02
   55.65165      7.4269436E-02
   55.99099      4.1815896E-02
   56.33033      6.8860208E-03
   56.66967      7.3411367E-03
   57.00901      5.6227177E-02
   57.34834      0.1215724    
   57.68768      8.4890835E-02
   58.02702      4.8846953E-02
   58.36636      2.3418721E-02
   58.70570      1.3685602E-02
   59.04504      3.2289281E-02
   59.38438      3.6975507E-02
   59.72372      2.2399179E-03
   60.06306     -1.5808204E-02
   60.40240     -7.3289908E-02
   60.74174     -0.2242692    
   61.08108     -0.2287969    
   61.42042     -0.1595790    
   61.75975     -0.1397385    
   62.09909     -0.1470598    
   62.43843     -0.2401452    
   62.77777     -0.2184454    
   63.11711     -0.1074453    
   63.45645     -2.7243394E-02
   63.79579     -4.3506026E-03
   64.13513     -0.2570969    
   64.47447     -0.1951979    
   64.81381      1.5210726E-02
   65.15315      0.1000977    
   65.49249      8.8145070E-02
   65.83183     -0.1909361    
   66.17117     -0.2105754    
   66.51051     -9.2149399E-02
   66.84985     -6.8744749E-02
   67.18919     -5.0828051E-02
   67.52853     -6.8648703E-02
   67.86787     -7.2579645E-02
   68.95375     -6.8366431E-02
   70.03963     -5.7095308E-02
   71.12553     -5.0035100E-02
   72.21141     -4.4821654E-02
   73.29729     -4.0702734E-02
   74.38318     -3.7322301E-02
   75.46907     -3.4477446E-02
   76.55495     -3.2039594E-02
   77.64084     -2.9921224E-02
   78.72672     -2.8059926E-02
   79.81261     -2.6409397E-02
   80.89850     -2.4934439E-02
   81.98438     -2.3607584E-02
   83.07027     -2.2407055E-02
   84.15615     -2.1315278E-02
   85.24204     -2.0317938E-02
   86.32793     -1.9403070E-02
   87.41381     -1.8560834E-02
   88.49969     -1.7782850E-02
   89.58559     -1.7062074E-02
   90.67147     -1.6392374E-02
   91.75735     -1.5768547E-02
   92.84324     -1.5186068E-02
   93.92912     -1.4640986E-02
   95.01501     -1.4129851E-02
   96.10090     -1.3649636E-02
   97.18678     -1.3197648E-02
   98.27267     -1.2771510E-02
   99.35855     -1.2369093E-02
   100.4444     -1.1988499E-02
   101.5303     -1.1628075E-02
   102.6162     -1.1286277E-02
   103.7021     -1.0961703E-02
   104.7880     -1.0653140E-02
   105.8739     -1.0359442E-02
   106.9598     -1.0079607E-02
   108.0456     -9.8126950E-03
   109.1315     -9.5578553E-03
   110.2174     -9.3143154E-03
   111.3033     -9.0813469E-03
   112.3892     -8.8583147E-03
   113.4751     -8.6446032E-03
   114.5610     -8.4396750E-03
   115.6469     -8.2430039E-03
   116.7327     -8.0541205E-03
   117.8186     -7.8725843E-03
   118.9045     -7.6979981E-03
   119.9904     -7.5299703E-03
   121.0763     -7.3681767E-03
   122.1622     -7.2122687E-03
