====number of temperature and pressure profile data====
     8
====altitude (m)====temperature (K)====pressure (Pa)====
     0              288.1502           101325
     11000          216.6502           22679.54 
     20000          216.6502           5497.27
     32000          228.6502           873.81
     47000          270.6502           111.97 
     51000          270.6502           67.63 
     71000          214.6502           4.01
     84852          186.9462           0.38
====number of wind profile data====
     17
====altitude (m)====wind north (m/s)====wind east (m/s)====
     0               0                  0
     214	         -2.95442	        0.520944
     678	         -7.58489	        9.039324
     1330	         5.913646	        7.047609
     2820	         -4.70333	        6.717047
     5360	         3.676779	        7.884878
     6960	         -3.03884	        17.23414
     8900	         -5.17472	        29.34727
     10070	         10.54172	        12.56313
     11520	         15.3414	        1.342199
     13400	         18.4296	        -1.61238	
     16010	         21.82384	        -12.6	
     18280	         19.31852	        -5.17638
     20390	         17.85416	        -6.49838
     23640	         20.29736	        7.387636
     26240	         28.36246	        5.001069
     30680	         38.50599	        6.789645
====number of humidity profile data====
     69
====altitude (m)====humidity (%)====
     0              59.62          
     300            60.48          
     610            62.03          
     910            63.83          
     1220           65.57      
     1520           67.06      
     1830           68.2       
     2130           68.97      
     2440           69.41      
     2740           69.62      
     3050           69.72      
     3350           69.83      
     3660           70.05      
     3960           70.46      
     4270           71.12      
     4570           72.04      
     4880           73.19      
     5180           74.48      
     5490           75.77      
     5790           76.9       
     6100           77.61      
     6400           77.66      
     6710           76.77      
     7010           74.75      
     7320           71.47      
     7620           66.96      
     7920           61.38      
     8230           55.07      
     8530           48.44      
     8840           41.95      
     9140           36.01      
     9450           30.95      
     9750           27.01      
     10060          24.38      
     10360          23.31      
     10670          24.29      
     10970          28.6       
     11280          25.61      
     11580          22.1       
     11890          19.04      
     12190          16.42      
     12500          14.2       
     12800          12.34      
     13110          10.8       
     13410          9.53       
     13720          8.49       
     14020          7.64       
     14330          6.95       
     14630          6.4        
     14940          5.97       
     15240          5.63       
     15540          5.38       
     15850          5.2        
     16150          5.08       
     16460          5.02       
     16760          5.01       
     17070          5.03       
     17370          5.09       
     17680          5.18       
     17980          5.28       
     18290          5.4        
     18590          5.5        
     18890          5.58       
     19202          5.64       
     19507          5.68       
     19812          5.7        
     20000          5.7        
     32000          5.7        
     47000          5.7        