 VARIABLES=X,dp/p
   251.2792      0.0000000E+00
   252.0006      0.0000000E+00
   252.7221      0.0000000E+00
   253.4435      0.0000000E+00
   254.1650      0.0000000E+00
   254.8864      0.0000000E+00
   255.6079      0.0000000E+00
   256.3293      0.0000000E+00
   257.0507      0.0000000E+00
   257.7722      0.0000000E+00
   258.4936      0.0000000E+00
   259.2151      0.0000000E+00
   259.9365      0.0000000E+00
   260.6580      0.0000000E+00
   261.3794      0.0000000E+00
   262.1008      0.0000000E+00
   262.8223      0.0000000E+00
   263.5437      0.0000000E+00
   264.2652      0.0000000E+00
   264.9866      0.0000000E+00
   265.7081      0.0000000E+00
   266.4295      0.0000000E+00
   267.1509      0.0000000E+00
   267.8724      0.0000000E+00
   268.5938      0.0000000E+00
   269.3153      0.0000000E+00
   270.0367      0.0000000E+00
   270.7582      0.0000000E+00
   271.4796      0.0000000E+00
   272.2010      0.0000000E+00
   272.9225      0.0000000E+00
   273.6439      0.0000000E+00
   274.3654      0.0000000E+00
   275.0868      0.0000000E+00
   275.8083      0.0000000E+00
   276.5297      0.0000000E+00
   277.2511      0.0000000E+00
   277.9726      0.0000000E+00
   278.6940      0.0000000E+00
   279.4155      0.0000000E+00
   280.1369      0.0000000E+00
   280.8584      0.0000000E+00
   281.5798      0.0000000E+00
   282.3012      0.0000000E+00
   283.0227      0.0000000E+00
   283.7441      0.0000000E+00
   284.4656      0.0000000E+00
   285.1870      0.0000000E+00
   285.9085      0.0000000E+00
   286.6299      0.0000000E+00
   287.3513      0.0000000E+00
   288.0728      0.0000000E+00
   288.7942      0.0000000E+00
   289.5157      0.0000000E+00
   290.2371      0.0000000E+00
   290.9586      0.0000000E+00
   291.6800      0.0000000E+00
   292.4014      0.0000000E+00
   293.1229      0.0000000E+00
   293.8443      0.0000000E+00
   294.5658      0.0000000E+00
   295.2872      0.0000000E+00
   296.0087      0.0000000E+00
   296.7301      0.0000000E+00
   297.4515      0.0000000E+00
   298.1730      0.0000000E+00
   298.8944      0.0000000E+00
   299.6159      0.0000000E+00
   300.3373      0.0000000E+00
   301.0588      0.0000000E+00
   301.7802      0.0000000E+00
   302.5016      0.0000000E+00
   303.2231      0.0000000E+00
   303.9445      0.0000000E+00
   304.6660      0.0000000E+00
   305.3874      0.0000000E+00
   306.1089      0.0000000E+00
   306.8303      0.0000000E+00
   307.5517      0.0000000E+00
   308.2732      0.0000000E+00
   308.9946      0.0000000E+00
   309.7161      0.0000000E+00
   310.4375      0.0000000E+00
   311.1590      0.0000000E+00
   311.8804      0.0000000E+00
   312.6018      0.0000000E+00
   313.3233      0.0000000E+00
   314.0447      0.0000000E+00
   314.7662      0.0000000E+00
   315.4876      0.0000000E+00
   316.2091      0.0000000E+00
   316.9305      0.0000000E+00
   317.6519      0.0000000E+00
   318.3734      0.0000000E+00
   319.0948      0.0000000E+00
   319.8163      0.0000000E+00
   320.5377      0.0000000E+00
   321.2592      0.0000000E+00
   321.9806      0.0000000E+00
   322.7020      0.0000000E+00
   323.4235      0.0000000E+00
   324.1449      0.0000000E+00
   324.8664      0.0000000E+00
   325.5878      0.0000000E+00
   326.3093      0.0000000E+00
   327.0307      0.0000000E+00
   327.7521      0.0000000E+00
   328.4736      0.0000000E+00
   329.1950      0.0000000E+00
   329.9165      0.0000000E+00
   330.6379      0.0000000E+00
   331.3594      0.0000000E+00
   332.0808      0.0000000E+00
   332.8022      0.0000000E+00
   333.5237      0.0000000E+00
   334.2451      0.0000000E+00
   334.9666      0.0000000E+00
   335.6880      0.0000000E+00
   336.4095      0.0000000E+00
   337.1309      0.0000000E+00
   337.8523      0.0000000E+00
   338.5738      0.0000000E+00
   339.2952      0.0000000E+00
   340.0167      0.0000000E+00
   340.7381      0.0000000E+00
   341.4596      0.0000000E+00
   342.1810      0.0000000E+00
   342.9024      0.0000000E+00
   343.6239      0.0000000E+00
   344.3453      0.0000000E+00
   345.0668      0.0000000E+00
   345.7882      0.0000000E+00
   346.5097      0.0000000E+00
   347.2311      0.0000000E+00
   347.9525      0.0000000E+00
   348.6740      0.0000000E+00
   349.3954      0.0000000E+00
   350.1169      0.0000000E+00
   350.8383      0.0000000E+00
   351.5598      0.0000000E+00
   352.2812      0.0000000E+00
   353.0027      0.0000000E+00
   353.7241      0.0000000E+00
   354.4455      0.0000000E+00
   355.1670      0.0000000E+00
   355.8884      0.0000000E+00
   356.6099      0.0000000E+00
   357.3313      0.0000000E+00
   358.0528      0.0000000E+00
   358.7742      0.0000000E+00
   359.4956      0.0000000E+00
   360.2171      0.0000000E+00
   360.9385      0.0000000E+00
   361.6600      0.0000000E+00
   362.3814      0.0000000E+00
   363.1028      0.0000000E+00
   363.8243      0.0000000E+00
   364.5457      0.0000000E+00
   365.2672      0.0000000E+00
   365.9886      0.0000000E+00
   366.7101      0.0000000E+00
   367.4315      0.0000000E+00
   368.1529      0.0000000E+00
   368.8744      0.0000000E+00
   369.5958      0.0000000E+00
   370.3173      0.0000000E+00
   371.0387      0.0000000E+00
   371.7602      0.0000000E+00
   372.4816      0.0000000E+00
   373.2031      0.0000000E+00
   373.9245      0.0000000E+00
   374.6459      0.0000000E+00
   375.3674      0.0000000E+00
   376.0888      0.0000000E+00
   376.8103      0.0000000E+00
   377.5317      0.0000000E+00
   378.2532      0.0000000E+00
   378.9746      0.0000000E+00
   379.6960      0.0000000E+00
   380.4175      0.0000000E+00
   381.1389      0.0000000E+00
   381.8604      0.0000000E+00
   382.5818      0.0000000E+00
   383.3032      0.0000000E+00
   384.0247      0.0000000E+00
   384.7461      0.0000000E+00
   385.4676      0.0000000E+00
   386.1890      2.5401676E-02
   386.9105      1.4742044E-02
   387.6319      9.5256278E-03
   388.3533      8.3916252E-03
   389.0748      5.6700176E-03
   389.7962      6.3504190E-03
   390.5177      6.1236187E-03
   391.2391      4.3092133E-03
   391.9606      5.4432163E-03
   392.6820      6.3504190E-03
   393.4035      5.6700176E-03
   394.1249      5.6700176E-03
   394.8463      6.3504190E-03
   395.5678      7.0308219E-03
   396.2892      7.4844225E-03
   397.0107      7.4844225E-03
   397.7321      7.0308219E-03
   398.4536      7.7112233E-03
   399.1750      8.1648249E-03
   399.8964      8.3916252E-03
   400.6179      8.3916252E-03
   401.3393      8.3916252E-03
   402.0608      8.1648249E-03
   402.7822      8.1648249E-03
   403.5036      8.3916252E-03
   404.2251      8.6184265E-03
   404.9465      8.6184265E-03
   405.6680      8.1648249E-03
   406.3894      8.6184265E-03
   407.1109      7.9380237E-03
   407.8323      7.4844225E-03
   408.5537      7.7112233E-03
   409.2752      9.7524300E-03
   409.9966      6.8040206E-03
   410.7181      6.8040206E-03
   411.4395      7.2576213E-03
   412.1610      6.5772193E-03
   412.8824      7.2576213E-03
   413.6039      6.8040206E-03
   414.3253      6.5772193E-03
   415.0467      6.8040206E-03
   415.7682      6.8040206E-03
   416.4896      6.8040206E-03
   417.2111      6.8040206E-03
   417.9325      6.5772193E-03
   418.6540      6.5772193E-03
   419.3754      6.5772193E-03
   420.0968      7.0308219E-03
   420.8183      7.0308219E-03
   421.5397      7.0308219E-03
   422.2612      7.4844225E-03
   422.9826      7.2576213E-03
   423.7040      7.7112233E-03
   424.4255      7.4844225E-03
   425.1469      7.4844225E-03
   425.8684      7.7112233E-03
   426.5898      7.9380237E-03
   427.3113      7.9380237E-03
   428.0327      8.3916252E-03
   428.7541      8.6184265E-03
   429.4756      9.2988275E-03
   430.1970      9.2988275E-03
   430.9185      9.2988275E-03
   431.6399      9.0720272E-03
   432.3614      9.2988275E-03
   433.0828      9.7524300E-03
   433.8043      1.0206032E-02
   434.5257      1.0659632E-02
   435.2471      1.0886433E-02
   435.9686      1.1113234E-02
   436.6900      1.1113234E-02
   437.4115      1.1566836E-02
   438.1329      1.1340035E-02
   438.8544      1.2020435E-02
   439.5758      1.2247237E-02
   440.2972      1.3381241E-02
   441.0187      1.3381241E-02
   441.7401      1.4515243E-02
   442.4616      1.4288443E-02
   443.1830      1.4515243E-02
   443.9044      1.3834842E-02
   444.6259      1.4968845E-02
   445.3473      1.4742044E-02
   446.0688      1.6329650E-02
   446.7902      1.5876047E-02
   447.5117      1.4742044E-02
   448.2331      1.3154439E-02
   448.9545      1.1566836E-02
   449.6760      9.5256278E-03
   450.3974      8.1648249E-03
   451.1189      7.0308219E-03
   451.8403      6.3504190E-03
   452.5618      5.8968179E-03
   453.2832      6.1236187E-03
   454.0047      7.0308219E-03
   454.7261     -7.7112233E-03
   455.4475     -3.2205697E-02
   456.1690     -2.8803686E-02
   456.8904     -3.4473706E-02
   457.6119      1.0206032E-02
   458.3333      2.3814073E-02
   459.0548      2.6082076E-02
   459.7762     -2.9937690E-02
   460.4976     -3.0164491E-02
   461.2191     -2.2906866E-02
   461.9405     -1.9051256E-02
   462.6620     -1.0886433E-02
   463.3834     -9.2988275E-03
   464.1048     -9.5256278E-03
   464.8263     -9.0720272E-03
   465.5477     -8.6184265E-03
   466.2692     -7.9380237E-03
   466.9906     -7.4844225E-03
   467.7121     -7.0308219E-03
   468.4335     -6.8040206E-03
   469.1549     -6.3504190E-03
   469.8764     -6.1236187E-03
   470.5978     -5.6700176E-03
   471.3193     -5.4432163E-03
   472.0407     -5.2164155E-03
   472.7622     -4.9896152E-03
   473.4836     -4.7628139E-03
   474.2051     -4.5360136E-03
   474.9265     -4.5360136E-03
   475.6479     -4.3092133E-03
   476.3694     -4.0824125E-03
   477.0908     -3.8556117E-03
   477.8123     -3.8556117E-03
   478.5337     -3.6288106E-03
   479.2552     -3.6288106E-03
   479.9766     -3.4020103E-03
   480.6980     -3.4020103E-03
   481.4195     -3.1752095E-03
   482.1409     -3.1752095E-03
   482.8624     -2.9484089E-03
   483.5838     -2.9484089E-03
   484.3053     -2.9484089E-03
   485.0267     -2.7216082E-03
   485.7481     -2.7216082E-03
   486.4696     -2.7216082E-03
   487.1910     -2.4948076E-03
   487.9125     -2.4948076E-03
   488.6339     -2.4948076E-03
   489.3553     -2.4948076E-03
   490.0768     -2.7216082E-03
   490.7982     -4.3092133E-03
   491.5197     -2.9484089E-03
   492.2411     -2.7216082E-03
   492.9626     -2.4948076E-03
   493.6840     -2.4948076E-03
   494.4054     -2.2680068E-03
   495.1269     -2.2680068E-03
   495.8483     -2.2680068E-03
   496.5698     -2.2680068E-03
   497.2912     -2.0412062E-03
   498.0127     -2.0412062E-03
   498.7341     -2.0412062E-03
   499.4556     -2.0412062E-03
   500.1770     -2.0412062E-03
   500.8984     -1.8144053E-03
   501.6199     -1.8144053E-03
   502.3413     -1.8144053E-03
   503.0628     -1.8144053E-03
   503.7842     -1.8144053E-03
   504.5057     -1.8144053E-03
   505.2271     -1.5876048E-03
   505.9485     -1.5876048E-03
   506.6700     -1.5876048E-03
   507.3914     -1.5876048E-03
   508.1129     -1.5876048E-03
   508.8343     -1.5876048E-03
   509.5557     -1.5876048E-03
   510.2772     -1.3608041E-03
   510.9986     -1.3608041E-03
   511.7201     -1.3608041E-03
   512.4415     -1.3608041E-03
   513.1630     -1.3608041E-03
   513.8844     -1.3608041E-03
   514.6059     -1.3608041E-03
   515.3273     -1.3608041E-03
   516.0487     -1.3608041E-03
   516.7702     -1.3608041E-03
   517.4916     -1.3608041E-03
   518.2131     -1.1340034E-03
   518.9345     -1.1340034E-03
   519.6559     -1.1340034E-03
   520.3774     -1.1340034E-03
   521.0988     -1.1340034E-03
   521.8203     -1.1340034E-03
   522.5417     -1.1340034E-03
   523.2632     -1.1340034E-03
   523.9846     -1.1340034E-03
   524.7061     -1.1340034E-03
   525.4275     -1.1340034E-03
   526.1489     -1.1340034E-03
   526.8704     -1.1340034E-03
   527.5918     -1.1340034E-03
   528.3133     -9.0720266E-04
   529.0347     -9.0720266E-04
   529.7562     -9.0720266E-04
   530.4776     -9.0720266E-04
   531.1990     -9.0720266E-04
   531.9205     -9.0720266E-04
   532.6419     -9.0720266E-04
   533.3634     -9.0720266E-04
   534.0848     -9.0720266E-04
   534.8062     -9.0720266E-04
   535.5277     -9.0720266E-04
   536.2491     -9.0720266E-04
   536.9706     -9.0720266E-04
   537.6920     -9.0720266E-04
   538.4135     -9.0720266E-04
   539.1349     -9.0720266E-04
   539.8564     -9.0720266E-04
   540.5778     -9.0720266E-04
   541.2992     -9.0720266E-04
   542.0207     -9.0720266E-04
   542.7421     -6.8040204E-04
   543.4636     -6.8040204E-04
   544.1850     -6.8040204E-04
   544.9064     -6.8040204E-04
   545.6279     -6.8040204E-04
   546.3493     -6.8040204E-04
   547.0708     -6.8040204E-04
   547.7922     -6.8040204E-04
   548.5137     -6.8040204E-04
   549.2351     -6.8040204E-04
   549.9565     -6.8040204E-04
   550.6780     -6.8040204E-04
   551.3994     -6.8040204E-04
   552.1209     -6.8040204E-04
   552.8423     -6.8040204E-04
   553.5638     -6.8040204E-04
   554.2852     -6.8040204E-04
   555.0067     -6.8040204E-04
   555.7281     -6.8040204E-04
   556.4495     -6.8040204E-04
   557.1710     -6.8040204E-04
   557.8924     -6.8040204E-04
   558.6139     -6.8040204E-04
   559.3353     -6.8040204E-04
   560.0567     -6.8040204E-04
   560.7782     -6.8040204E-04
   561.4996     -6.8040204E-04
   562.2211     -6.8040204E-04
   562.9425     -6.8040204E-04
   563.6640     -6.8040204E-04
   564.3854     -6.8040204E-04
   565.1069     -4.5360133E-04
   565.8283     -4.5360133E-04
   566.5497     -4.5360133E-04
   567.2712     -4.5360133E-04
   567.9926     -4.5360133E-04
   568.7141     -4.5360133E-04
   569.4355     -4.5360133E-04
   570.1570     -4.5360133E-04
   570.8784     -4.5360133E-04
   571.5998     -4.5360133E-04
   572.3213     -4.5360133E-04
   573.0427     -4.5360133E-04
   573.7642     -4.5360133E-04
   574.4856     -4.5360133E-04
   575.2070     -4.5360133E-04
   575.9285     -4.5360133E-04
   576.6499     -4.5360133E-04
   577.3714     -4.5360133E-04
   578.0928     -4.5360133E-04
   578.8143     -4.5360133E-04
   579.5357     -4.5360133E-04
   580.2572     -4.5360133E-04
   580.9786     -4.5360133E-04
   581.7000     -4.5360133E-04
   582.4215     -4.5360133E-04
   583.1429     -4.5360133E-04
   583.8644     -4.5360133E-04
   584.5858     -4.5360133E-04
   585.3072     -4.5360133E-04
   586.0287     -4.5360133E-04
   586.7501     -4.5360133E-04
   587.4716     -4.5360133E-04
   588.1930     -4.5360133E-04
   588.9145     -4.5360133E-04
   589.6359     -4.5360133E-04
   590.3573     -4.5360133E-04
   591.0788     -4.5360133E-04
   591.8002     -4.5360133E-04
   592.5217     -4.5360133E-04
   593.2431     -4.5360133E-04
   593.9646     -4.5360133E-04
   594.6860     -4.5360133E-04
   595.4075     -4.5360133E-04
   596.1289     -4.5360133E-04
   596.8503     -4.5360133E-04
   597.5718     -4.5360133E-04
   598.2932     -4.5360133E-04
   599.0147     -4.5360133E-04
   599.7361     -4.5360133E-04
   600.4575     -4.5360133E-04
   601.1790     -4.5360133E-04
   601.9004     -4.5360133E-04
   602.6219     -4.5360133E-04
   603.3433     -4.5360133E-04
   604.0648     -4.5360133E-04
   604.7862     -4.5360133E-04
   605.5077     -4.5360133E-04
   606.2291     -4.5360133E-04
   606.9505     -4.5360133E-04
   607.6720     -4.5360133E-04
   608.3934     -4.5360133E-04
   609.1149     -4.5360133E-04
   609.8363     -2.2680066E-04
   610.5578     -2.2680066E-04
   611.2792     -2.2680066E-04
