(5(1pe13.5))
*dupt
$2Ma_AOA0                                                                
$Created by PANIN                                                        
$sectional pressures
*dup
ca01a1
            x            y            z          x/c           cp
  6.05121E+01  3.00000E+00  2.09204E+00  9.95985E-01  2.00475E-02
  6.03081E+01  3.00000E+00  2.08473E+00  9.88150E-01  1.75285E-02
  6.00942E+01  3.00000E+00  2.07677E+00  9.79940E-01  1.45817E-02
  5.98701E+01  3.00000E+00  2.06804E+00  9.71333E-01  9.65274E-03
  5.96349E+01  3.00000E+00  2.05845E+00  9.62305E-01  5.57825E-03
  5.93882E+01  3.00000E+00  2.04787E+00  9.52833E-01  2.74618E-03
  5.91293E+01  3.00000E+00  2.03625E+00  9.42892E-01  3.62113E-04
  5.88575E+01  3.00000E+00  2.02361E+00  9.32456E-01 -2.52303E-03
  5.85721E+01  3.00000E+00  2.00996E+00  9.21499E-01 -5.50054E-03
  5.82724E+01  3.00000E+00  1.99525E+00  9.09994E-01 -6.95626E-03
  5.79577E+01  3.00000E+00  1.97946E+00  8.97911E-01 -8.62392E-03
  5.76271E+01  3.00000E+00  1.96253E+00  8.85217E-01 -9.97494E-03
  5.72797E+01  3.00000E+00  1.94444E+00  8.71880E-01 -1.01943E-02
  5.69145E+01  3.00000E+00  1.92518E+00  8.57858E-01 -1.00844E-02
  5.65303E+01  3.00000E+00  1.90472E+00  8.43109E-01 -9.42078E-03
  5.61258E+01  3.00000E+00  1.88305E+00  8.27579E-01 -9.32430E-03
  5.56995E+01  3.00000E+00  1.86013E+00  8.11213E-01 -9.39340E-03
  5.52498E+01  3.00000E+00  1.83597E+00  7.93945E-01 -1.09410E-02
  5.49386E+01  3.00000E+00  1.81932E+00  7.81999E-01 -1.10167E-02
  5.46947E+01  3.00000E+00  1.80622E+00  7.72633E-01 -1.08837E-02
  5.42735E+01  3.00000E+00  1.78382E+00  7.56464E-01 -8.87700E-03
  5.37459E+01  3.00000E+00  1.75682E+00  7.36206E-01 -4.28095E-03
  5.31944E+01  3.00000E+00  1.73075E+00  7.15034E-01  2.03312E-03
  5.26228E+01  3.00000E+00  1.70669E+00  6.93086E-01  9.04755E-03
  5.20343E+01  3.00000E+00  1.68521E+00  6.70492E-01  1.82740E-02
  5.14327E+01  3.00000E+00  1.66669E+00  6.47397E-01  2.68202E-02
  5.08224E+01  3.00000E+00  1.65140E+00  6.23965E-01  3.35063E-02
  5.02077E+01  3.00000E+00  1.63947E+00  6.00366E-01  3.97944E-02
  4.95926E+01  3.00000E+00  1.63081E+00  5.76750E-01  4.28364E-02
  4.89800E+01  3.00000E+00  1.62508E+00  5.53229E-01  4.59787E-02
  4.83703E+01  3.00000E+00  1.62161E+00  5.29821E-01  4.68521E-02
  4.77613E+01  3.00000E+00  1.61944E+00  5.06439E-01  4.47727E-02
  4.71488E+01  3.00000E+00  1.61756E+00  4.82923E-01  4.31205E-02
  4.65273E+01  3.00000E+00  1.61501E+00  4.59064E-01  3.94062E-02
  4.58898E+01  3.00000E+00  1.61082E+00  4.34585E-01  3.47502E-02
  4.52270E+01  3.00000E+00  1.60400E+00  4.09140E-01  2.68627E-02
  4.45330E+01  3.00000E+00  1.59403E+00  3.82495E-01  1.79172E-02
  4.38120E+01  3.00000E+00  1.58139E+00  3.54815E-01  1.16697E-02
  4.34178E+01  3.00000E+00  1.57399E+00  3.39680E-01  9.74641E-03
  4.30481E+01  3.00000E+00  1.56650E+00  3.25485E-01  9.01977E-03
  4.23435E+01  3.00000E+00  1.55234E+00  2.98433E-01  1.00711E-02
  4.16310E+01  3.00000E+00  1.53853E+00  2.71077E-01  1.39885E-02
  4.09511E+01  3.00000E+00  1.52625E+00  2.44975E-01  1.80114E-02
  4.03110E+01  3.00000E+00  1.51566E+00  2.20399E-01  2.02719E-02
  3.97115E+01  3.00000E+00  1.50657E+00  1.97384E-01  2.23334E-02
  3.91487E+01  3.00000E+00  1.49854E+00  1.75777E-01  2.84096E-02
  3.86172E+01  3.00000E+00  1.49119E+00  1.55370E-01  3.04875E-02
  3.81122E+01  3.00000E+00  1.48428E+00  1.35981E-01  3.06498E-02
  3.76301E+01  3.00000E+00  1.47789E+00  1.17472E-01  3.19382E-02
  3.71684E+01  3.00000E+00  1.47240E+00  9.97434E-02  3.13735E-02
  3.67248E+01  3.00000E+00  1.46829E+00  8.27128E-02  3.05993E-02
  3.62976E+01  3.00000E+00  1.46635E+00  6.63121E-02  3.04690E-02
  3.58855E+01  3.00000E+00  1.46791E+00  5.04899E-02  3.09796E-02
  3.54874E+01  3.00000E+00  1.47512E+00  3.52062E-02  3.49068E-02
  3.51029E+01  3.00000E+00  1.49253E+00  2.04458E-02  3.34446E-02
  3.47423E+01  3.00000E+00  1.54710E+00  6.59863E-03  8.70732E-02
  3.45856E+01  3.00000E+00  1.63121E+00  5.81883E-04  9.57389E-02
  3.46398E+01  3.00000E+00  1.70596E+00  2.66505E-03  1.28160E-02
  3.47312E+01  3.00000E+00  1.76593E+00  6.17352E-03 -6.21877E-02
  3.48462E+01  3.00000E+00  1.81583E+00  1.05902E-02 -1.20502E-01
  3.49821E+01  3.00000E+00  1.85946E+00  1.58075E-02 -1.65966E-01
  3.51394E+01  3.00000E+00  1.89848E+00  2.18446E-02 -1.88516E-01
  3.53194E+01  3.00000E+00  1.93372E+00  2.87579E-02 -1.94090E-01
  3.55243E+01  3.00000E+00  1.96563E+00  3.66221E-02 -1.97446E-01
  3.57562E+01  3.00000E+00  1.99452E+00  4.55273E-02 -1.94625E-01
  3.60179E+01  3.00000E+00  2.02049E+00  5.55749E-02 -1.87283E-01
  3.63122E+01  3.00000E+00  2.04367E+00  6.68730E-02 -1.78772E-01
  3.66421E+01  3.00000E+00  2.06426E+00  7.95389E-02 -1.70931E-01
  3.70109E+01  3.00000E+00  2.08247E+00  9.36999E-02 -1.65152E-01
  3.74223E+01  3.00000E+00  2.09864E+00  1.09493E-01 -1.59596E-01
  3.78801E+01  3.00000E+00  2.11324E+00  1.27071E-01 -1.55624E-01
  3.83888E+01  3.00000E+00  2.12688E+00  1.46599E-01 -1.51652E-01
  3.89529E+01  3.00000E+00  2.14038E+00  1.68258E-01 -1.46307E-01
  3.95767E+01  3.00000E+00  2.15465E+00  1.92207E-01 -1.39066E-01
  4.02605E+01  3.00000E+00  2.17044E+00  2.18459E-01 -1.25725E-01
  4.09989E+01  3.00000E+00  2.18800E+00  2.46809E-01 -1.01227E-01
  4.17289E+01  3.00000E+00  2.20572E+00  2.74837E-01 -7.66056E-02
  4.21299E+01  3.00000E+00  2.21546E+00  2.90232E-01 -6.60224E-02
  4.25952E+01  3.00000E+00  2.22595E+00  3.08095E-01 -5.76422E-02
  4.34240E+01  3.00000E+00  2.24332E+00  3.39916E-01 -4.60654E-02
  4.42547E+01  3.00000E+00  2.25738E+00  3.71812E-01 -3.77636E-02
  4.50821E+01  3.00000E+00  2.26661E+00  4.03578E-01 -3.36764E-02
  4.59099E+01  3.00000E+00  2.27101E+00  4.35360E-01 -3.78381E-02
  4.67428E+01  3.00000E+00  2.27133E+00  4.67336E-01 -4.56601E-02
  4.75822E+01  3.00000E+00  2.26874E+00  4.99563E-01 -5.31063E-02
  4.84258E+01  3.00000E+00  2.26468E+00  5.31951E-01 -5.92626E-02
  4.92669E+01  3.00000E+00  2.26033E+00  5.64243E-01 -6.48348E-02
  5.00961E+01  3.00000E+00  2.25630E+00  5.96082E-01 -6.55079E-02
  5.09044E+01  3.00000E+00  2.25282E+00  6.27115E-01 -6.50842E-02
  5.16842E+01  3.00000E+00  2.24991E+00  6.57054E-01 -6.61242E-02
  5.24302E+01  3.00000E+00  2.24750E+00  6.85692E-01 -6.75429E-02
  5.31388E+01  3.00000E+00  2.24518E+00  7.12899E-01 -6.94865E-02
  5.36446E+01  3.00000E+00  2.24297E+00  7.32316E-01 -7.34265E-02
  5.39698E+01  3.00000E+00  2.24081E+00  7.44803E-01 -7.32342E-02
  5.44400E+01  3.00000E+00  2.23641E+00  7.62855E-01 -7.58964E-02
  5.50332E+01  3.00000E+00  2.22918E+00  7.85629E-01 -7.64682E-02
  5.55891E+01  3.00000E+00  2.22061E+00  8.06972E-01 -7.42361E-02
  5.61084E+01  3.00000E+00  2.21114E+00  8.26911E-01 -7.12547E-02
  5.65919E+01  3.00000E+00  2.20118E+00  8.45476E-01 -6.86046E-02
  5.70406E+01  3.00000E+00  2.19111E+00  8.62700E-01 -6.65517E-02
  5.74553E+01  3.00000E+00  2.18120E+00  8.78624E-01 -6.31401E-02
  5.78375E+01  3.00000E+00  2.17165E+00  8.93296E-01 -5.82139E-02
  5.81884E+01  3.00000E+00  2.16260E+00  9.06770E-01 -5.32497E-02
  5.85158E+01  3.00000E+00  2.15398E+00  9.19338E-01 -4.96357E-02
  5.88241E+01  3.00000E+00  2.14573E+00  9.31174E-01 -4.53480E-02
  5.91118E+01  3.00000E+00  2.13793E+00  9.42223E-01 -4.29221E-02
  5.93810E+01  3.00000E+00  2.13054E+00  9.52556E-01 -4.27266E-02
  5.96333E+01  3.00000E+00  2.12353E+00  9.62245E-01 -4.27945E-02
  5.98708E+01  3.00000E+00  2.11685E+00  9.71361E-01 -4.25002E-02
  6.00951E+01  3.00000E+00  2.11047E+00  9.79975E-01 -4.19603E-02
  6.03083E+01  3.00000E+00  2.10436E+00  9.88158E-01 -4.30713E-02
  6.05120E+01  3.00000E+00  2.09845E+00  9.95981E-01 -4.50818E-02
*eof
ca02a1
  6.07532E+01  6.00000E+00  2.73718E+00  9.93932E-01 -8.66286E-03
  6.05693E+01  6.00000E+00  2.72535E+00  9.83040E-01 -1.42199E-02
  6.03852E+01  6.00000E+00  2.71282E+00  9.72141E-01 -2.01522E-02
  6.02008E+01  6.00000E+00  2.69967E+00  9.61221E-01 -2.35688E-02
  6.00158E+01  6.00000E+00  2.68595E+00  9.50265E-01 -2.81142E-02
  5.98300E+01  6.00000E+00  2.67172E+00  9.39259E-01 -3.21273E-02
  5.96430E+01  6.00000E+00  2.65715E+00  9.28187E-01 -3.43910E-02
  5.94546E+01  6.00000E+00  2.64235E+00  9.17033E-01 -3.55282E-02
  5.92646E+01  6.00000E+00  2.62738E+00  9.05781E-01 -3.65662E-02
  5.90727E+01  6.00000E+00  2.61226E+00  8.94417E-01 -3.66908E-02
  5.88786E+01  6.00000E+00  2.59704E+00  8.82923E-01 -3.58849E-02
  5.86821E+01  6.00000E+00  2.58175E+00  8.71283E-01 -3.47359E-02
  5.84828E+01  6.00000E+00  2.56645E+00  8.59481E-01 -3.39526E-02
  5.82804E+01  6.00000E+00  2.55118E+00  8.47498E-01 -3.29026E-02
  5.80747E+01  6.00000E+00  2.53597E+00  8.35316E-01 -3.07459E-02
  5.78654E+01  6.00000E+00  2.52084E+00  8.22918E-01 -2.82917E-02
  5.76520E+01  6.00000E+00  2.50580E+00  8.10284E-01 -2.58331E-02
  5.74344E+01  6.00000E+00  2.49089E+00  7.97396E-01 -2.34075E-02
  5.72121E+01  6.00000E+00  2.47614E+00  7.84233E-01 -2.04703E-02
  5.69849E+01  6.00000E+00  2.46159E+00  7.70776E-01 -1.73785E-02
  5.67524E+01  6.00000E+00  2.44729E+00  7.57007E-01 -1.26902E-02
  5.65143E+01  6.00000E+00  2.43328E+00  7.42911E-01 -7.02606E-03
  5.62705E+01  6.00000E+00  2.41960E+00  7.28473E-01 -1.72649E-03
  5.60208E+01  6.00000E+00  2.40625E+00  7.13687E-01  3.06561E-03
  5.57652E+01  6.00000E+00  2.39328E+00  6.98548E-01  7.80655E-03
  5.55035E+01  6.00000E+00  2.38069E+00  6.83052E-01  1.28303E-02
  5.52356E+01  6.00000E+00  2.36851E+00  6.67188E-01  1.73081E-02
  5.49613E+01  6.00000E+00  2.35673E+00  6.50944E-01  2.16911E-02
  5.46804E+01  6.00000E+00  2.34534E+00  6.34309E-01  2.53900E-02
  5.43927E+01  6.00000E+00  2.33435E+00  6.17274E-01  3.00598E-02
  5.40981E+01  6.00000E+00  2.32374E+00  5.99826E-01  3.46478E-02
  5.37964E+01  6.00000E+00  2.31349E+00  5.81958E-01  3.75060E-02
  5.34874E+01  6.00000E+00  2.30358E+00  5.63658E-01  3.99047E-02
  5.31709E+01  6.00000E+00  2.29399E+00  5.44916E-01  4.28464E-02
  5.28467E+01  6.00000E+00  2.28469E+00  5.25719E-01  4.61289E-02
  5.25145E+01  6.00000E+00  2.27564E+00  5.06048E-01  4.76610E-02
  5.21738E+01  6.00000E+00  2.26678E+00  4.85872E-01  4.89057E-02
  5.18238E+01  6.00000E+00  2.25802E+00  4.65146E-01  5.07830E-02
  5.14636E+01  6.00000E+00  2.24925E+00  4.43814E-01  5.13015E-02
  5.10920E+01  6.00000E+00  2.24037E+00  4.21805E-01  5.19037E-02
  5.07075E+01  6.00000E+00  2.23123E+00  3.99037E-01  5.20159E-02
  5.03084E+01  6.00000E+00  2.22168E+00  3.75404E-01  5.11661E-02
  4.98925E+01  6.00000E+00  2.21157E+00  3.50776E-01  4.94096E-02
  4.94579E+01  6.00000E+00  2.20074E+00  3.25038E-01  4.51085E-02
  4.90040E+01  6.00000E+00  2.18911E+00  2.98156E-01  4.16600E-02
  4.85314E+01  6.00000E+00  2.17663E+00  2.70172E-01  3.91941E-02
  4.80416E+01  6.00000E+00  2.16329E+00  2.41165E-01  3.73690E-02
  4.75362E+01  6.00000E+00  2.14907E+00  2.11237E-01  3.71540E-02
  4.70174E+01  6.00000E+00  2.13407E+00  1.80513E-01  3.72277E-02
  4.64873E+01  6.00000E+00  2.11855E+00  1.49120E-01  3.83098E-02
  4.59469E+01  6.00000E+00  2.10310E+00  1.17121E-01  4.23778E-02
  4.53955E+01  6.00000E+00  2.08940E+00  8.44662E-02  4.64752E-02
  4.48310E+01  6.00000E+00  2.08207E+00  5.10397E-02  3.97570E-02
  4.42572E+01  6.00000E+00  2.11407E+00  1.70593E-02  1.38076E-01
  4.39814E+01  6.00000E+00  2.17647E+00  7.26203E-04  5.36944E-02
  4.40215E+01  6.00000E+00  2.22781E+00  3.10223E-03 -1.76346E-01
  4.40842E+01  6.00000E+00  2.26769E+00  6.81312E-03 -2.62559E-01
  4.41589E+01  6.00000E+00  2.30050E+00  1.12356E-02 -3.06915E-01
  4.42434E+01  6.00000E+00  2.32909E+00  1.62420E-02 -3.25956E-01
  4.43377E+01  6.00000E+00  2.35490E+00  2.18254E-02 -3.29675E-01
  4.44422E+01  6.00000E+00  2.37864E+00  2.80145E-02 -3.25025E-01
  4.45578E+01  6.00000E+00  2.40070E+00  3.48565E-02 -3.07998E-01
  4.46852E+01  6.00000E+00  2.42146E+00  4.24051E-02 -2.90642E-01
  4.48255E+01  6.00000E+00  2.44113E+00  5.07142E-02 -2.74609E-01
  4.49797E+01  6.00000E+00  2.45979E+00  5.98438E-02 -2.57176E-01
  4.51489E+01  6.00000E+00  2.47749E+00  6.98644E-02 -2.36759E-01
  4.53344E+01  6.00000E+00  2.49445E+00  8.08461E-02 -2.13253E-01
  4.55372E+01  6.00000E+00  2.51079E+00  9.28579E-02 -1.91994E-01
  4.57587E+01  6.00000E+00  2.52658E+00  1.05975E-01 -1.74220E-01
  4.60001E+01  6.00000E+00  2.54195E+00  1.20272E-01 -1.58788E-01
  4.62625E+01  6.00000E+00  2.55706E+00  1.35812E-01 -1.45053E-01
  4.65467E+01  6.00000E+00  2.57202E+00  1.52639E-01 -1.32418E-01
  4.68530E+01  6.00000E+00  2.58693E+00  1.70781E-01 -1.20136E-01
  4.71817E+01  6.00000E+00  2.60188E+00  1.90243E-01 -1.09424E-01
  4.75322E+01  6.00000E+00  2.61692E+00  2.11000E-01 -1.00263E-01
  4.79036E+01  6.00000E+00  2.63201E+00  2.32994E-01 -9.26803E-02
  4.82942E+01  6.00000E+00  2.64707E+00  2.56126E-01 -8.67030E-02
  4.87018E+01  6.00000E+00  2.66201E+00  2.80261E-01 -8.16234E-02
  4.91235E+01  6.00000E+00  2.67661E+00  3.05235E-01 -7.88589E-02
  4.95574E+01  6.00000E+00  2.69069E+00  3.30928E-01 -7.74303E-02
  5.00028E+01  6.00000E+00  2.70406E+00  3.57304E-01 -7.75101E-02
  5.04597E+01  6.00000E+00  2.71661E+00  3.84364E-01 -7.91276E-02
  5.09281E+01  6.00000E+00  2.72823E+00  4.12101E-01 -8.09373E-02
  5.14075E+01  6.00000E+00  2.73882E+00  4.40494E-01 -8.34549E-02
  5.18974E+01  6.00000E+00  2.74835E+00  4.69503E-01 -8.39624E-02
  5.23964E+01  6.00000E+00  2.75678E+00  4.99052E-01 -8.45582E-02
  5.29023E+01  6.00000E+00  2.76407E+00  5.29009E-01 -8.55410E-02
  5.34120E+01  6.00000E+00  2.77020E+00  5.59195E-01 -8.70729E-02
  5.39223E+01  6.00000E+00  2.77517E+00  5.89413E-01 -8.66315E-02
  5.44296E+01  6.00000E+00  2.77895E+00  6.19456E-01 -8.67472E-02
  5.49305E+01  6.00000E+00  2.78156E+00  6.49122E-01 -8.66535E-02
  5.54218E+01  6.00000E+00  2.78300E+00  6.78215E-01 -8.66369E-02
  5.58999E+01  6.00000E+00  2.78324E+00  7.06528E-01 -8.78159E-02
  5.63617E+01  6.00000E+00  2.78226E+00  7.33874E-01 -8.98601E-02
  5.68051E+01  6.00000E+00  2.78013E+00  7.60133E-01 -9.25134E-02
  5.72290E+01  6.00000E+00  2.77697E+00  7.85233E-01 -9.42576E-02
  5.76326E+01  6.00000E+00  2.77310E+00  8.09135E-01 -9.52299E-02
  5.80156E+01  6.00000E+00  2.76886E+00  8.31817E-01 -9.61703E-02
  5.83779E+01  6.00000E+00  2.76451E+00  8.53271E-01 -9.63144E-02
  5.87194E+01  6.00000E+00  2.76024E+00  8.73496E-01 -9.53507E-02
  5.90404E+01  6.00000E+00  2.75621E+00  8.92504E-01 -9.44960E-02
  5.93411E+01  6.00000E+00  2.75257E+00  9.10312E-01 -9.24245E-02
  5.96221E+01  6.00000E+00  2.74944E+00  9.26949E-01 -8.92834E-02
  5.98838E+01  6.00000E+00  2.74690E+00  9.42448E-01 -8.56541E-02
  6.01270E+01  6.00000E+00  2.74499E+00  9.56848E-01 -8.16037E-02
  6.03523E+01  6.00000E+00  2.74370E+00  9.70194E-01 -7.68616E-02
  6.05607E+01  6.00000E+00  2.74301E+00  9.82534E-01 -7.42073E-02
  6.07529E+01  6.00000E+00  2.74286E+00  9.93918E-01 -6.86431E-02
*eof
ca03a1
  6.13300E+01  8.50000E+00  2.87484E+00  9.93339E-01 -1.98675E-03
  6.11970E+01  8.50000E+00  2.86610E+00  9.81844E-01 -1.76763E-02
  6.10640E+01  8.50000E+00  2.85597E+00  9.70352E-01 -2.92841E-02
  6.09308E+01  8.50000E+00  2.84490E+00  9.58848E-01 -3.57495E-02
  6.07974E+01  8.50000E+00  2.83314E+00  9.47317E-01 -4.14514E-02
  6.06634E+01  8.50000E+00  2.82082E+00  9.35744E-01 -4.46301E-02
  6.05288E+01  8.50000E+00  2.80814E+00  9.24112E-01 -4.61607E-02
  6.03933E+01  8.50000E+00  2.79526E+00  9.12407E-01 -4.64758E-02
  6.02568E+01  8.50000E+00  2.78222E+00  9.00613E-01 -4.55488E-02
  6.01192E+01  8.50000E+00  2.76907E+00  8.88717E-01 -4.49463E-02
  5.99801E+01  8.50000E+00  2.75586E+00  8.76701E-01 -4.32826E-02
  5.98395E+01  8.50000E+00  2.74264E+00  8.64550E-01 -4.07108E-02
  5.96971E+01  8.50000E+00  2.72946E+00  8.52250E-01 -3.89188E-02
  5.95528E+01  8.50000E+00  2.71633E+00  8.39786E-01 -3.67820E-02
  5.94065E+01  8.50000E+00  2.70322E+00  8.27140E-01 -3.38629E-02
  5.92579E+01  8.50000E+00  2.69016E+00  8.14298E-01 -3.12377E-02
  5.91068E+01  8.50000E+00  2.67718E+00  8.01243E-01 -2.81594E-02
  5.89530E+01  8.50000E+00  2.66434E+00  7.87958E-01 -2.44628E-02
  5.87964E+01  8.50000E+00  2.65169E+00  7.74429E-01 -2.03147E-02
  5.86368E+01  8.50000E+00  2.63928E+00  7.60638E-01 -1.59555E-02
  5.84740E+01  8.50000E+00  2.62718E+00  7.46572E-01 -1.06533E-02
  5.83079E+01  8.50000E+00  2.61544E+00  7.32219E-01 -5.45839E-03
  5.81384E+01  8.50000E+00  2.60406E+00  7.17567E-01 -9.05526E-05
  5.79652E+01  8.50000E+00  2.59299E+00  7.02607E-01  5.32062E-03
  5.77884E+01  8.50000E+00  2.58224E+00  6.87326E-01  9.80167E-03
  5.76076E+01  8.50000E+00  2.57176E+00  6.71708E-01  1.38353E-02
  5.74228E+01  8.50000E+00  2.56153E+00  6.55741E-01  1.78701E-02
  5.72338E+01  8.50000E+00  2.55153E+00  6.39409E-01  2.21155E-02
  5.70404E+01  8.50000E+00  2.54177E+00  6.22698E-01  2.54534E-02
  5.68424E+01  8.50000E+00  2.53222E+00  6.05593E-01  2.90114E-02
  5.66397E+01  8.50000E+00  2.52287E+00  5.88078E-01  3.25787E-02
  5.64321E+01  8.50000E+00  2.51370E+00  5.70140E-01  3.57844E-02
  5.62194E+01  8.50000E+00  2.50470E+00  5.51762E-01  3.80692E-02
  5.60014E+01  8.50000E+00  2.49585E+00  5.32927E-01  4.03766E-02
  5.57779E+01  8.50000E+00  2.48713E+00  5.13616E-01  4.29899E-02
  5.55487E+01  8.50000E+00  2.47853E+00  4.93809E-01  4.54874E-02
  5.53134E+01  8.50000E+00  2.47002E+00  4.73479E-01  4.80639E-02
  5.50717E+01  8.50000E+00  2.46156E+00  4.52595E-01  5.02848E-02
  5.48232E+01  8.50000E+00  2.45312E+00  4.31121E-01  5.17567E-02
  5.45674E+01  8.50000E+00  2.44465E+00  4.09019E-01  5.35190E-02
  5.43038E+01  8.50000E+00  2.43610E+00  3.86244E-01  5.46703E-02
  5.40318E+01  8.50000E+00  2.42743E+00  3.62742E-01  5.54444E-02
  5.37507E+01  8.50000E+00  2.41859E+00  3.38455E-01  5.61538E-02
  5.34599E+01  8.50000E+00  2.40956E+00  3.13333E-01  5.59877E-02
  5.31593E+01  8.50000E+00  2.40030E+00  2.87352E-01  5.51665E-02
  5.28486E+01  8.50000E+00  2.39080E+00  2.60513E-01  5.44115E-02
  5.25282E+01  8.50000E+00  2.38106E+00  2.32824E-01  5.44116E-02
  5.21981E+01  8.50000E+00  2.37113E+00  2.04301E-01  5.43675E-02
  5.18585E+01  8.50000E+00  2.36109E+00  1.74964E-01  5.43292E-02
  5.15098E+01  8.50000E+00  2.35118E+00  1.44832E-01  5.54171E-02
  5.11520E+01  8.50000E+00  2.34183E+00  1.13913E-01  5.87253E-02
  5.07847E+01  8.50000E+00  2.33426E+00  8.21788E-02  6.07542E-02
  5.04073E+01  8.50000E+00  2.33145E+00  4.95674E-02  5.09556E-02
  5.00247E+01  8.50000E+00  2.35824E+00  1.65173E-02  2.21738E-01
  4.98447E+01  8.50000E+00  2.40556E+00  9.57747E-04  1.48794E-01
  4.98774E+01  8.50000E+00  2.44092E+00  3.78961E-03 -3.09841E-01
  4.99244E+01  8.50000E+00  2.46672E+00  7.84572E-03 -3.67642E-01
  4.99775E+01  8.50000E+00  2.48768E+00  1.24355E-02 -3.79821E-01
  5.00360E+01  8.50000E+00  2.50600E+00  1.74909E-02 -3.71110E-01
  5.01003E+01  8.50000E+00  2.52273E+00  2.30460E-02 -3.52986E-01
  5.01710E+01  8.50000E+00  2.53845E+00  2.91501E-02 -3.33624E-01
  5.02487E+01  8.50000E+00  2.55347E+00  3.58649E-02 -3.10521E-01
  5.03341E+01  8.50000E+00  2.56808E+00  4.32483E-02 -2.90835E-01
  5.04279E+01  8.50000E+00  2.58239E+00  5.13511E-02 -2.74371E-01
  5.05307E+01  8.50000E+00  2.59646E+00  6.02309E-02 -2.59007E-01
  5.06433E+01  8.50000E+00  2.61033E+00  6.99585E-02 -2.41537E-01
  5.07664E+01  8.50000E+00  2.62409E+00  8.06024E-02 -2.24570E-01
  5.09009E+01  8.50000E+00  2.63780E+00  9.22216E-02 -2.09537E-01
  5.10474E+01  8.50000E+00  2.65148E+00  1.04878E-01 -1.94195E-01
  5.12066E+01  8.50000E+00  2.66520E+00  1.18632E-01 -1.80543E-01
  5.13790E+01  8.50000E+00  2.67904E+00  1.33529E-01 -1.68733E-01
  5.15651E+01  8.50000E+00  2.69303E+00  1.49612E-01 -1.57464E-01
  5.17654E+01  8.50000E+00  2.70719E+00  1.66913E-01 -1.46812E-01
  5.19799E+01  8.50000E+00  2.72155E+00  1.85450E-01 -1.37756E-01
  5.22088E+01  8.50000E+00  2.73608E+00  2.05226E-01 -1.29768E-01
  5.24517E+01  8.50000E+00  2.75076E+00  2.26220E-01 -1.21743E-01
  5.27084E+01  8.50000E+00  2.76554E+00  2.48395E-01 -1.16195E-01
  5.29780E+01  8.50000E+00  2.78035E+00  2.71687E-01 -1.12040E-01
  5.32595E+01  8.50000E+00  2.79508E+00  2.96015E-01 -1.09341E-01
  5.35523E+01  8.50000E+00  2.80958E+00  3.21314E-01 -1.07591E-01
  5.38558E+01  8.50000E+00  2.82372E+00  3.47532E-01 -1.07330E-01
  5.41692E+01  8.50000E+00  2.83738E+00  3.74614E-01 -1.07601E-01
  5.44918E+01  8.50000E+00  2.85044E+00  4.02488E-01 -1.07638E-01
  5.48226E+01  8.50000E+00  2.86280E+00  4.31070E-01 -1.09024E-01
  5.51604E+01  8.50000E+00  2.87433E+00  4.60259E-01 -1.10060E-01
  5.55038E+01  8.50000E+00  2.88492E+00  4.89934E-01 -1.10826E-01
  5.58512E+01  8.50000E+00  2.89449E+00  5.19949E-01 -1.11355E-01
  5.62006E+01  8.50000E+00  2.90297E+00  5.50136E-01 -1.11706E-01
  5.65499E+01  8.50000E+00  2.91028E+00  5.80318E-01 -1.12454E-01
  5.68971E+01  8.50000E+00  2.91635E+00  6.10316E-01 -1.14348E-01
  5.72401E+01  8.50000E+00  2.92108E+00  6.39956E-01 -1.15910E-01
  5.75771E+01  8.50000E+00  2.92442E+00  6.69069E-01 -1.17564E-01
  5.79060E+01  8.50000E+00  2.92635E+00  6.97495E-01 -1.19351E-01
  5.82253E+01  8.50000E+00  2.92683E+00  7.25080E-01 -1.21640E-01
  5.85334E+01  8.50000E+00  2.92578E+00  7.51701E-01 -1.24804E-01
  5.88292E+01  8.50000E+00  2.92318E+00  7.77262E-01 -1.27286E-01
  5.91120E+01  8.50000E+00  2.91947E+00  8.01691E-01 -1.28363E-01
  5.93812E+01  8.50000E+00  2.91516E+00  8.24952E-01 -1.28326E-01
  5.96366E+01  8.50000E+00  2.91049E+00  8.47019E-01 -1.28383E-01
  5.98780E+01  8.50000E+00  2.90563E+00  8.67879E-01 -1.27783E-01
  6.01054E+01  8.50000E+00  2.90071E+00  8.87532E-01 -1.27363E-01
  6.03190E+01  8.50000E+00  2.89593E+00  9.05987E-01 -1.25936E-01
  6.05190E+01  8.50000E+00  2.89149E+00  9.23268E-01 -1.23985E-01
  6.07058E+01  8.50000E+00  2.88752E+00  9.39404E-01 -1.20586E-01
  6.08797E+01  8.50000E+00  2.88419E+00  9.54433E-01 -1.16296E-01
  6.10413E+01  8.50000E+00  2.88162E+00  9.68398E-01 -1.10637E-01
  6.11912E+01  8.50000E+00  2.87989E+00  9.81347E-01 -1.04933E-01
  6.13299E+01  8.50000E+00  2.87902E+00  9.93331E-01 -9.71721E-02
*eof
ca04a1
  6.19246E+01  1.10000E+01  2.98558E+00  9.92868E-01  2.46833E-02
  6.18405E+01  1.10000E+01  2.98018E+00  9.80928E-01 -5.21139E-03
  6.17564E+01  1.10000E+01  2.97329E+00  9.68994E-01 -2.18578E-02
  6.16723E+01  1.10000E+01  2.96549E+00  9.57054E-01 -3.24434E-02
  6.15880E+01  1.10000E+01  2.95706E+00  9.45093E-01 -3.95469E-02
  6.15035E+01  1.10000E+01  2.94814E+00  9.33096E-01 -4.60451E-02
  6.14186E+01  1.10000E+01  2.93895E+00  9.21049E-01 -4.66127E-02
  6.13333E+01  1.10000E+01  2.92960E+00  9.08935E-01 -4.85887E-02
  6.12474E+01  1.10000E+01  2.92013E+00  8.96741E-01 -5.01903E-02
  6.11608E+01  1.10000E+01  2.91059E+00  8.84453E-01 -4.86612E-02
  6.10735E+01  1.10000E+01  2.90101E+00  8.72056E-01 -4.63351E-02
  6.09852E+01  1.10000E+01  2.89146E+00  8.59536E-01 -4.63421E-02
  6.08961E+01  1.10000E+01  2.88197E+00  8.46879E-01 -4.55532E-02
  6.08059E+01  1.10000E+01  2.87249E+00  8.34074E-01 -4.21580E-02
  6.07145E+01  1.10000E+01  2.86301E+00  8.21104E-01 -3.97941E-02
  6.06219E+01  1.10000E+01  2.85357E+00  8.07957E-01 -3.66949E-02
  6.05279E+01  1.10000E+01  2.84419E+00  7.94617E-01 -3.50244E-02
  6.04324E+01  1.10000E+01  2.83494E+00  7.81070E-01 -3.24243E-02
  6.03354E+01  1.10000E+01  2.82587E+00  7.67301E-01 -2.66723E-02
  6.02368E+01  1.10000E+01  2.81704E+00  7.53296E-01 -1.96994E-02
  6.01363E+01  1.10000E+01  2.80850E+00  7.39040E-01 -1.30673E-02
  6.00341E+01  1.10000E+01  2.80025E+00  7.24523E-01 -7.49930E-03
  5.99299E+01  1.10000E+01  2.79229E+00  7.09730E-01 -2.87597E-03
  5.98236E+01  1.10000E+01  2.78456E+00  6.94648E-01  1.36675E-03
  5.97152E+01  1.10000E+01  2.77704E+00  6.79264E-01  5.93672E-03
  5.96046E+01  1.10000E+01  2.76968E+00  6.63561E-01  1.00635E-02
  5.94916E+01  1.10000E+01  2.76247E+00  6.47522E-01  1.39393E-02
  5.93761E+01  1.10000E+01  2.75539E+00  6.31134E-01  1.75835E-02
  5.92581E+01  1.10000E+01  2.74844E+00  6.14379E-01  2.10175E-02
  5.91374E+01  1.10000E+01  2.74160E+00  5.97240E-01  2.44327E-02
  5.90138E+01  1.10000E+01  2.73487E+00  5.79701E-01  2.78780E-02
  5.88873E+01  1.10000E+01  2.72823E+00  5.61745E-01  3.09998E-02
  5.87577E+01  1.10000E+01  2.72167E+00  5.43354E-01  3.41287E-02
  5.86250E+01  1.10000E+01  2.71519E+00  5.24508E-01  3.72449E-02
  5.84888E+01  1.10000E+01  2.70879E+00  5.05189E-01  3.97106E-02
  5.83492E+01  1.10000E+01  2.70244E+00  4.85373E-01  4.29365E-02
  5.82060E+01  1.10000E+01  2.69616E+00  4.65040E-01  4.67719E-02
  5.80589E+01  1.10000E+01  2.68991E+00  4.44166E-01  4.91587E-02
  5.79079E+01  1.10000E+01  2.68371E+00  4.22726E-01  5.03894E-02
  5.77527E+01  1.10000E+01  2.67753E+00  4.00695E-01  5.27360E-02
  5.75931E+01  1.10000E+01  2.67136E+00  3.78041E-01  5.52425E-02
  5.74289E+01  1.10000E+01  2.66520E+00  3.54737E-01  5.70283E-02
  5.72599E+01  1.10000E+01  2.65905E+00  3.30748E-01  5.85056E-02
  5.70859E+01  1.10000E+01  2.65292E+00  3.06047E-01  5.99341E-02
  5.69067E+01  1.10000E+01  2.64682E+00  2.80609E-01  6.10502E-02
  5.67221E+01  1.10000E+01  2.64075E+00  2.54417E-01  6.27661E-02
  5.65322E+01  1.10000E+01  2.63476E+00  2.27452E-01  6.45519E-02
  5.63366E+01  1.10000E+01  2.62889E+00  1.99695E-01  6.70804E-02
  5.61354E+01  1.10000E+01  2.62326E+00  1.71132E-01  7.08922E-02
  5.59284E+01  1.10000E+01  2.61803E+00  1.41745E-01  7.43459E-02
  5.57154E+01  1.10000E+01  2.61349E+00  1.11515E-01  7.89704E-02
  5.54962E+01  1.10000E+01  2.61040E+00  8.04057E-02  8.56054E-02
  5.52706E+01  1.10000E+01  2.61045E+00  4.83754E-02  7.62790E-02
  5.50429E+01  1.10000E+01  2.63008E+00  1.60624E-02  3.00090E-01
  5.49392E+01  1.10000E+01  2.66238E+00  1.34571E-03  3.00196E-03
  5.49650E+01  1.10000E+01  2.68490E+00  5.00921E-03 -5.57227E-01
  5.49994E+01  1.10000E+01  2.70040E+00  9.89373E-03 -5.05688E-01
  5.50370E+01  1.10000E+01  2.71291E+00  1.52267E-02 -4.70912E-01
  5.50777E+01  1.10000E+01  2.72393E+00  2.09955E-02 -4.27189E-01
  5.51216E+01  1.10000E+01  2.73411E+00  2.72389E-02 -3.86314E-01
  5.51693E+01  1.10000E+01  2.74380E+00  3.40020E-02 -3.51262E-01
  5.52210E+01  1.10000E+01  2.75327E+00  4.13445E-02 -3.24382E-01
  5.52771E+01  1.10000E+01  2.76265E+00  4.93077E-02 -3.05663E-01
  5.53379E+01  1.10000E+01  2.77201E+00  5.79410E-02 -2.88278E-01
  5.54039E+01  1.10000E+01  2.78138E+00  6.73017E-02 -2.69602E-01
  5.54754E+01  1.10000E+01  2.79082E+00  7.74540E-02 -2.54791E-01
  5.55529E+01  1.10000E+01  2.80036E+00  8.84550E-02 -2.41539E-01
  5.56368E+01  1.10000E+01  2.81002E+00  1.00362E-01 -2.27615E-01
  5.57275E+01  1.10000E+01  2.81983E+00  1.13230E-01 -2.14701E-01
  5.58252E+01  1.10000E+01  2.82984E+00  1.27110E-01 -2.03943E-01
  5.59305E+01  1.10000E+01  2.84007E+00  1.42046E-01 -1.93937E-01
  5.60434E+01  1.10000E+01  2.85051E+00  1.58077E-01 -1.83241E-01
  5.61643E+01  1.10000E+01  2.86114E+00  1.75237E-01 -1.75088E-01
  5.62933E+01  1.10000E+01  2.87198E+00  1.93552E-01 -1.68251E-01
  5.64306E+01  1.10000E+01  2.88297E+00  2.13031E-01 -1.61820E-01
  5.65760E+01  1.10000E+01  2.89411E+00  2.33671E-01 -1.55884E-01
  5.67295E+01  1.10000E+01  2.90534E+00  2.55458E-01 -1.51137E-01
  5.68908E+01  1.10000E+01  2.91662E+00  2.78359E-01 -1.47535E-01
  5.70597E+01  1.10000E+01  2.92786E+00  3.02331E-01 -1.44839E-01
  5.72358E+01  1.10000E+01  2.93897E+00  3.27324E-01 -1.42675E-01
  5.74186E+01  1.10000E+01  2.94988E+00  3.53274E-01 -1.41173E-01
  5.76076E+01  1.10000E+01  2.96048E+00  3.80102E-01 -1.41049E-01
  5.78021E+01  1.10000E+01  2.97071E+00  4.07714E-01 -1.41061E-01
  5.80014E+01  1.10000E+01  2.98047E+00  4.36000E-01 -1.40408E-01
  5.82046E+01  1.10000E+01  2.98967E+00  4.64837E-01 -1.40963E-01
  5.84106E+01  1.10000E+01  2.99824E+00  4.94089E-01 -1.43279E-01
  5.86186E+01  1.10000E+01  3.00608E+00  5.23606E-01 -1.44499E-01
  5.88273E+01  1.10000E+01  3.01313E+00  5.53229E-01 -1.45736E-01
  5.90356E+01  1.10000E+01  3.01932E+00  5.82802E-01 -1.47478E-01
  5.92425E+01  1.10000E+01  3.02457E+00  6.12166E-01 -1.49464E-01
  5.94468E+01  1.10000E+01  3.02876E+00  6.41166E-01 -1.52076E-01
  5.96475E+01  1.10000E+01  3.03184E+00  6.69654E-01 -1.55276E-01
  5.98436E+01  1.10000E+01  3.03376E+00  6.97493E-01 -1.58833E-01
  6.00344E+01  1.10000E+01  3.03445E+00  7.24564E-01 -1.62634E-01
  6.02189E+01  1.10000E+01  3.03376E+00  7.50760E-01 -1.69584E-01
  6.03965E+01  1.10000E+01  3.03163E+00  7.75973E-01 -1.77087E-01
  6.05667E+01  1.10000E+01  3.02845E+00  8.00119E-01 -1.79171E-01
  6.07290E+01  1.10000E+01  3.02470E+00  8.23162E-01 -1.80122E-01
  6.08834E+01  1.10000E+01  3.02055E+00  8.45083E-01 -1.82819E-01
  6.10298E+01  1.10000E+01  3.01612E+00  8.65863E-01 -1.82405E-01
  6.11682E+01  1.10000E+01  3.01153E+00  8.85500E-01 -1.82545E-01
  6.12985E+01  1.10000E+01  3.00693E+00  9.04001E-01 -1.82490E-01
  6.14210E+01  1.10000E+01  3.00249E+00  9.21387E-01 -1.79508E-01
  6.15358E+01  1.10000E+01  2.99838E+00  9.37688E-01 -1.77473E-01
  6.16433E+01  1.10000E+01  2.99475E+00  9.52941E-01 -1.71968E-01
  6.17437E+01  1.10000E+01  2.99178E+00  9.67190E-01 -1.65603E-01
  6.18373E+01  1.10000E+01  2.98961E+00  9.80483E-01 -1.55929E-01
  6.19246E+01  1.10000E+01  2.98829E+00  9.92868E-01 -1.47772E-01
*eof
ca05a1
  6.23915E+01  1.30000E+01  3.13760E+00  9.92239E-01  3.49911E-02
  6.23462E+01  1.30000E+01  3.13475E+00  9.79301E-01 -7.01885E-04
  6.23010E+01  1.30000E+01  3.13082E+00  9.66366E-01 -2.52413E-02
  6.22557E+01  1.30000E+01  3.12627E+00  9.53431E-01 -3.72796E-02
  6.22104E+01  1.30000E+01  3.12131E+00  9.40480E-01 -4.66294E-02
  6.21650E+01  1.30000E+01  3.11605E+00  9.27498E-01 -5.22590E-02
  6.21195E+01  1.30000E+01  3.11065E+00  9.14471E-01 -5.28676E-02
  6.20737E+01  1.30000E+01  3.10517E+00  9.01388E-01 -5.32186E-02
  6.20277E+01  1.30000E+01  3.09963E+00  8.88234E-01 -5.65895E-02
  6.19814E+01  1.30000E+01  3.09408E+00  8.74999E-01 -5.45771E-02
  6.19348E+01  1.30000E+01  3.08854E+00  8.61671E-01 -4.96987E-02
  6.18878E+01  1.30000E+01  3.08305E+00  8.48238E-01 -4.76141E-02
  6.18404E+01  1.30000E+01  3.07759E+00  8.34688E-01 -4.62669E-02
  6.17926E+01  1.30000E+01  3.07214E+00  8.21011E-01 -4.59091E-02
  6.17443E+01  1.30000E+01  3.06672E+00  8.07197E-01 -4.36726E-02
  6.16954E+01  1.30000E+01  3.06136E+00  7.93230E-01 -4.04128E-02
  6.16460E+01  1.30000E+01  3.05609E+00  7.79100E-01 -3.68300E-02
  6.15960E+01  1.30000E+01  3.05095E+00  7.64792E-01 -3.03285E-02
  6.15452E+01  1.30000E+01  3.04599E+00  7.50294E-01 -2.34614E-02
  6.14938E+01  1.30000E+01  3.04124E+00  7.35595E-01 -1.58803E-02
  6.14417E+01  1.30000E+01  3.03668E+00  7.20685E-01 -9.70877E-03
  6.13888E+01  1.30000E+01  3.03231E+00  7.05554E-01 -4.04686E-03
  6.13350E+01  1.30000E+01  3.02808E+00  6.90191E-01  1.99685E-03
  6.12805E+01  1.30000E+01  3.02399E+00  6.74586E-01  6.68527E-03
  6.12250E+01  1.30000E+01  3.02000E+00  6.58722E-01  1.14936E-02
  6.11685E+01  1.30000E+01  3.01610E+00  6.42585E-01  1.45696E-02
  6.11111E+01  1.30000E+01  3.01227E+00  6.26163E-01  1.76684E-02
  6.10526E+01  1.30000E+01  3.00851E+00  6.09444E-01  2.13333E-02
  6.09930E+01  1.30000E+01  3.00482E+00  5.92410E-01  2.50518E-02
  6.09323E+01  1.30000E+01  3.00120E+00  5.75049E-01  2.92125E-02
  6.08704E+01  1.30000E+01  2.99763E+00  5.57345E-01  3.21692E-02
  6.08072E+01  1.30000E+01  2.99411E+00  5.39280E-01  3.49481E-02
  6.07427E+01  1.30000E+01  2.99063E+00  5.20840E-01  3.76983E-02
  6.06768E+01  1.30000E+01  2.98721E+00  5.02008E-01  4.07636E-02
  6.06095E+01  1.30000E+01  2.98383E+00  4.82769E-01  4.40035E-02
  6.05408E+01  1.30000E+01  2.98049E+00  4.63103E-01  4.75845E-02
  6.04704E+01  1.30000E+01  2.97720E+00  4.42994E-01  5.08054E-02
  6.03985E+01  1.30000E+01  2.97395E+00  4.22424E-01  5.38083E-02
  6.03249E+01  1.30000E+01  2.97073E+00  4.01373E-01  5.61572E-02
  6.02495E+01  1.30000E+01  2.96755E+00  3.79818E-01  5.83437E-02
  6.01723E+01  1.30000E+01  2.96442E+00  3.57744E-01  6.07379E-02
  6.00932E+01  1.30000E+01  2.96134E+00  3.35130E-01  6.41633E-02
  6.00121E+01  1.30000E+01  2.95832E+00  3.11952E-01  6.84752E-02
  5.99290E+01  1.30000E+01  2.95538E+00  2.88191E-01  7.25860E-02
  5.98438E+01  1.30000E+01  2.95252E+00  2.63827E-01  7.56399E-02
  5.97564E+01  1.30000E+01  2.94975E+00  2.38838E-01  7.93826E-02
  5.96667E+01  1.30000E+01  2.94712E+00  2.13200E-01  8.42231E-02
  5.95747E+01  1.30000E+01  2.94466E+00  1.86894E-01  8.97544E-02
  5.94803E+01  1.30000E+01  2.94244E+00  1.59900E-01  9.67301E-02
  5.93834E+01  1.30000E+01  2.94055E+00  1.32197E-01  1.06009E-01
  5.92839E+01  1.30000E+01  2.93915E+00  1.03763E-01  1.18636E-01
  5.91818E+01  1.30000E+01  2.93861E+00  7.45717E-02  1.37741E-01
  5.90770E+01  1.30000E+01  2.93971E+00  4.45873E-02  1.48404E-01
  5.89724E+01  1.30000E+01  2.95091E+00  1.46950E-02  3.74564E-01
  5.89292E+01  1.30000E+01  2.96947E+00  2.33573E-03 -5.64205E-01
  5.89497E+01  1.30000E+01  2.98277E+00  8.21630E-03 -9.02599E-01
  5.89753E+01  1.30000E+01  2.99138E+00  1.55386E-02 -6.65623E-01
  5.90025E+01  1.30000E+01  2.99833E+00  2.32920E-02 -5.52190E-01
  5.90309E+01  1.30000E+01  3.00446E+00  3.14319E-02 -4.70132E-01
  5.90608E+01  1.30000E+01  3.01018E+00  3.99780E-02 -4.15450E-01
  5.90923E+01  1.30000E+01  3.01569E+00  4.89634E-02 -3.77809E-01
  5.91253E+01  1.30000E+01  3.02107E+00  5.84120E-02 -3.51235E-01
  5.91601E+01  1.30000E+01  3.02638E+00  6.83726E-02 -3.30713E-01
  5.91969E+01  1.30000E+01  3.03164E+00  7.88911E-02 -3.12483E-01
  5.92358E+01  1.30000E+01  3.03689E+00  9.00154E-02 -2.96823E-01
  5.92770E+01  1.30000E+01  3.04216E+00  1.01796E-01 -2.83692E-01
  5.93207E+01  1.30000E+01  3.04747E+00  1.14273E-01 -2.70884E-01
  5.93669E+01  1.30000E+01  3.05284E+00  1.27492E-01 -2.59537E-01
  5.94159E+01  1.30000E+01  3.05829E+00  1.41496E-01 -2.49842E-01
  5.94678E+01  1.30000E+01  3.06382E+00  1.56323E-01 -2.41193E-01
  5.95226E+01  1.30000E+01  3.06942E+00  1.72012E-01 -2.33374E-01
  5.95806E+01  1.30000E+01  3.07509E+00  1.88596E-01 -2.26237E-01
  5.96419E+01  1.30000E+01  3.08085E+00  2.06106E-01 -2.19962E-01
  5.97064E+01  1.30000E+01  3.08666E+00  2.24566E-01 -2.14520E-01
  5.97744E+01  1.30000E+01  3.09252E+00  2.43980E-01 -2.08829E-01
  5.98456E+01  1.30000E+01  3.09842E+00  2.64355E-01 -2.03489E-01
  5.99202E+01  1.30000E+01  3.10434E+00  2.85689E-01 -1.99394E-01
  5.99981E+01  1.30000E+01  3.11024E+00  3.07956E-01 -1.97496E-01
  6.00792E+01  1.30000E+01  3.11609E+00  3.31125E-01 -1.96870E-01
  6.01632E+01  1.30000E+01  3.12184E+00  3.55149E-01 -1.95375E-01
  6.02500E+01  1.30000E+01  3.12746E+00  3.79969E-01 -1.92836E-01
  6.03393E+01  1.30000E+01  3.13292E+00  4.05509E-01 -1.91297E-01
  6.04309E+01  1.30000E+01  3.13818E+00  4.31686E-01 -1.90914E-01
  6.05243E+01  1.30000E+01  3.14319E+00  4.58398E-01 -1.91315E-01
  6.06192E+01  1.30000E+01  3.14792E+00  4.85536E-01 -1.92354E-01
  6.07152E+01  1.30000E+01  3.15230E+00  5.12977E-01 -1.93164E-01
  6.08118E+01  1.30000E+01  3.15632E+00  5.40598E-01 -1.93474E-01
  6.09086E+01  1.30000E+01  3.15993E+00  5.68270E-01 -1.94132E-01
  6.10051E+01  1.30000E+01  3.16309E+00  5.95863E-01 -1.96463E-01
  6.11009E+01  1.30000E+01  3.16574E+00  6.23252E-01 -1.99544E-01
  6.11955E+01  1.30000E+01  3.16783E+00  6.50310E-01 -2.02812E-01
  6.12886E+01  1.30000E+01  3.16932E+00  6.76920E-01 -2.07055E-01
  6.13797E+01  1.30000E+01  3.17017E+00  7.02977E-01 -2.12117E-01
  6.14686E+01  1.30000E+01  3.17034E+00  7.28388E-01 -2.18108E-01
  6.15550E+01  1.30000E+01  3.16971E+00  7.53072E-01 -2.26230E-01
  6.16384E+01  1.30000E+01  3.16825E+00  7.76925E-01 -2.33977E-01
  6.17187E+01  1.30000E+01  3.16622E+00  7.99874E-01 -2.37305E-01
  6.17957E+01  1.30000E+01  3.16387E+00  8.21907E-01 -2.38228E-01
  6.18695E+01  1.30000E+01  3.16126E+00  8.43013E-01 -2.39603E-01
  6.19401E+01  1.30000E+01  3.15846E+00  8.63176E-01 -2.41461E-01
  6.20073E+01  1.30000E+01  3.15553E+00  8.82395E-01 -2.44854E-01
  6.20712E+01  1.30000E+01  3.15253E+00  9.00677E-01 -2.44457E-01
  6.21320E+01  1.30000E+01  3.14957E+00  9.18039E-01 -2.43221E-01
  6.21896E+01  1.30000E+01  3.14674E+00  9.34512E-01 -2.41939E-01
  6.22442E+01  1.30000E+01  3.14416E+00  9.50128E-01 -2.37329E-01
  6.22960E+01  1.30000E+01  3.14196E+00  9.64926E-01 -2.30290E-01
  6.23450E+01  1.30000E+01  3.14025E+00  9.78950E-01 -2.21949E-01
  6.23915E+01  1.30000E+01  3.13912E+00  9.92242E-01 -2.11018E-01
*eof
