TITLE     = ""
VARIABLES = "V1"
"V3"
ZONE T="Slice: Y=12"
 STRANDID=0, SOLUTIONTIME=0
 Nodes=124, Elements=122, ZONETYPE=FELineSeg
 DATAPACKING=POINT
 DT=(SINGLE SINGLE )
 5.897392654E+01 2.435042620E+00
 5.917364502E+01 2.457834005E+00
 5.937798309E+01 2.465602875E+00
 5.958264160E+01 2.471023321E+00
 5.978743744E+01 2.475076199E+00
 5.999231720E+01 2.478105068E+00
 6.019723511E+01 2.480288506E+00
 6.040217209E+01 2.481760979E+00
 6.060712814E+01 2.482623577E+00
 6.081208420E+01 2.482956648E+00
 6.101704407E+01 2.482829571E+00
 6.122199249E+01 2.482304335E+00
 6.142693710E+01 2.481434584E+00
 6.163187408E+01 2.480267048E+00
 6.183679962E+01 2.478837490E+00
 6.204171371E+01 2.477168798E+00
 6.224661636E+01 2.475275278E+00
 6.245150757E+01 2.473163128E+00
 6.265638351E+01 2.470833063E+00
 6.286124802E+01 2.468281984E+00
 6.306610107E+01 2.465504169E+00
 6.327094269E+01 2.462494373E+00
 6.347576523E+01 2.459248781E+00
 6.368058014E+01 2.455765963E+00
 6.388537598E+01 2.452047825E+00
 6.409016418E+01 2.448100805E+00
 6.429493713E+01 2.443935633E+00
 6.449969482E+01 2.439568996E+00
 6.470443726E+01 2.435022593E+00
 6.490917969E+01 2.430319548E+00
 6.511389923E+01 2.425487995E+00
 6.531861877E+01 2.420555353E+00
 6.552333832E+01 2.415549755E+00
 6.572805023E+01 2.410493135E+00
 6.593275452E+01 2.405403614E+00
 6.613745117E+01 2.400294542E+00
 6.634216309E+01 2.395174503E+00
 6.654687500E+01 2.390043497E+00
 6.675157928E+01 2.384896994E+00
 6.695628357E+01 2.379717112E+00
 6.716100311E+01 2.374476671E+00
 6.717243195E+01 2.374178648E+00
 6.736595154E+01 2.369291067E+00
 6.757089233E+01 2.363977194E+00
 6.777580261E+01 2.358486652E+00
 6.798067474E+01 2.352779150E+00
 6.818551636E+01 2.346814871E+00
 6.839031219E+01 2.340560436E+00
 6.859508514E+01 2.333996296E+00
 6.879980469E+01 2.327122211E+00
 6.900449371E+01 2.319957018E+00
 6.920914459E+01 2.312540770E+00
 6.941374969E+01 2.304929972E+00
 6.961832428E+01 2.297179937E+00
 6.982287598E+01 2.289366484E+00
 7.002741241E+01 2.281585693E+00
 7.023194885E+01 2.273945570E+00
 7.043649292E+01 2.266555786E+00
 7.064106750E+01 2.259519100E+00
 7.084568787E+01 2.252919197E+00
 7.105035400E+01 2.246809006E+00
 7.125505829E+01 2.241196632E+00
 5.897392654E+01 2.435042620E+00
 5.917276001E+01 2.411284924E+00
 5.937659836E+01 2.392115355E+00
 5.958082962E+01 2.374792576E+00
 5.978527451E+01 2.359626532E+00
 5.998985672E+01 2.346560955E+00
 6.019453049E+01 2.335299492E+00
 6.039926910E+01 2.325431108E+00
 6.060405350E+01 2.316632509E+00
 6.080886459E+01 2.308655500E+00
 6.101369858E+01 2.301302433E+00
 6.121854401E+01 2.294431925E+00
 6.142339706E+01 2.287946939E+00
 6.162825012E+01 2.281787395E+00
 6.183309937E+01 2.275928736E+00
 6.203795624E+01 2.270378113E+00
 6.224280930E+01 2.265159607E+00
 6.244765854E+01 2.260300159E+00
 6.265250778E+01 2.255826950E+00
 6.285735321E+01 2.251760960E+00
 6.306220245E+01 2.248114347E+00
 6.326704788E+01 2.244888544E+00
 6.347189331E+01 2.242076635E+00
 6.367673492E+01 2.239661694E+00
 6.388157654E+01 2.237620354E+00
 6.408641052E+01 2.235926867E+00
 6.429124451E+01 2.234551430E+00
 6.449607849E+01 2.233466864E+00
 6.470090485E+01 2.232648611E+00
 6.490572357E+01 2.232075930E+00
 6.511054230E+01 2.231731415E+00
 6.531535339E+01 2.231604338E+00
 6.552017212E+01 2.231686354E+00
 6.572499084E+01 2.231974602E+00
 6.592980957E+01 2.232466698E+00
 6.613462830E+01 2.233162165E+00
 6.633944702E+01 2.234058619E+00
 6.654428101E+01 2.235149622E+00
 6.674910736E+01 2.236425161E+00
 6.695394897E+01 2.237864971E+00
 6.715879059E+01 2.239438534E+00
 6.718169403E+01 2.239624023E+00
 6.736386108E+01 2.241250515E+00
 6.756894684E+01 2.243125439E+00
 6.777398682E+01 2.244995594E+00
 6.797899628E+01 2.246806622E+00
 6.818397522E+01 2.248497725E+00
 6.838891602E+01 2.250006199E+00
 6.859381866E+01 2.251279831E+00
 6.879867554E+01 2.252277851E+00
 6.900349426E+01 2.252977610E+00
 6.920826721E+01 2.253373623E+00
 6.941298676E+01 2.253473282E+00
 6.961767578E+01 2.253268957E+00
 6.982233429E+01 2.252772331E+00
 7.002696228E+01 2.252015114E+00
 7.023157501E+01 2.251029015E+00
 7.043621063E+01 2.249827147E+00
 7.064086151E+01 2.248381138E+00
 7.084555054E+01 2.246600866E+00
 7.105029297E+01 2.244305134E+00
 7.125505829E+01 2.241196632E+00
 63 64
 64 65
 65 66
 66 67
 67 68
 68 69
 69 70
 70 71
 71 72
 72 73
 73 74
 74 75
 75 76
 76 77
 77 78
 78 79
 79 80
 80 81
 81 82
 82 83
 83 84
 84 85
 85 86
 86 87
 87 88
 88 89
 89 90
 90 91
 91 92
 92 93
 93 94
 94 95
 95 96
 96 97
 97 98
 98 99
 99 100
 100 101
 101 102
 102 103
 103 104
 104 105
 105 106
 106 107
 107 108
 108 109
 109 110
 110 111
 111 112
 112 113
 113 114
 114 115
 115 116
 116 117
 117 118
 118 119
 119 120
 120 121
 121 122
 122 123
 123 124
 1 2
 2 3
 3 4
 4 5
 5 6
 6 7
 7 8
 8 9
 9 10
 10 11
 11 12
 12 13
 13 14
 14 15
 15 16
 16 17
 17 18
 18 19
 19 20
 20 21
 21 22
 22 23
 23 24
 24 25
 25 26
 26 27
 27 28
 28 29
 29 30
 30 31
 31 32
 32 33
 33 34
 34 35
 35 36
 36 37
 37 38
 38 39
 39 40
 40 41
 41 42
 42 43
 43 44
 44 45
 45 46
 46 47
 47 48
 48 49
 49 50
 50 51
 51 52
 52 53
 53 54
 54 55
 55 56
 56 57
 57 58
 58 59
 59 60
 60 61
 61 62
