 0.00000000E+00   0.00000000E+00
 0.88012312E+00   0.19148822E-02
 0.17602462E+01   0.38126062E-01
 0.26403693E+01   0.14459087E+00
 0.35204925E+01   0.34115112E+00
 0.44006156E+01   0.60684288E+00
 0.52807387E+01   0.91640175E+00
 0.61608618E+01   0.12580902E+01
 0.70409849E+01   0.16240344E+01
 0.79211080E+01   0.20082630E+01
 0.88012312E+01   0.24059422E+01
 0.96813543E+01   0.28129997E+01
 0.10561477E+02   0.32259059E+01
 0.11441601E+02   0.36415368E+01
 0.12321724E+02   0.40570831E+01
 0.13201847E+02   0.44700539E+01
 0.14081970E+02   0.48843450E+01
 0.14962093E+02   0.53081870E+01
 0.15842216E+02   0.57457642E+01
 0.16722339E+02   0.61999697E+01
 0.17602462E+02   0.66730746E+01
 0.18482585E+02   0.71669749E+01
 0.19362709E+02   0.76833102E+01
 0.20242832E+02   0.82229981E+01
 0.21122955E+02   0.87833224E+01
 0.22003078E+02   0.93622656E+01
 0.22883201E+02   0.99588050E+01
 0.23763324E+02   0.10572243E+02
 0.24643447E+02   0.11202055E+02
 0.25523570E+02   0.11847824E+02
 0.26403693E+02   0.12509692E+02
 0.27283817E+02   0.13188734E+02
 0.28163940E+02   0.13885537E+02
 0.29044063E+02   0.14600504E+02
 0.29924186E+02   0.15333957E+02
 0.30804309E+02   0.16086180E+02
 0.31684432E+02   0.16857425E+02
 0.32564555E+02   0.17647931E+02
 0.33444678E+02   0.18457919E+02
 0.34324802E+02   0.19287599E+02
 0.35204925E+02   0.20137174E+02
 0.36085048E+02   0.21006841E+02
 0.36965171E+02   0.21896788E+02
 0.37845294E+02   0.22807201E+02
 0.38725417E+02   0.23738260E+02
 0.39605540E+02   0.24690142E+02
 0.40485663E+02   0.25663021E+02
 0.41365786E+02   0.26657067E+02
 0.42245910E+02   0.27672447E+02
 0.43126033E+02   0.28709328E+02
 0.44006156E+02   0.29767872E+02
 0.44886279E+02   0.30848240E+02
 0.45766402E+02   0.31950590E+02
 0.46646525E+02   0.33074075E+02
 0.47526648E+02   0.34209671E+02
 0.48406771E+02   0.35349647E+02
 0.49286894E+02   0.36489020E+02
 0.50167018E+02   0.37623776E+02
 0.51047141E+02   0.38750460E+02
 0.51927264E+02   0.39866000E+02
 0.52807387E+02   0.40967599E+02
 0.53687510E+02   0.42052679E+02
 0.54567633E+02   0.43118832E+02
 0.55447756E+02   0.44163799E+02
 0.56327879E+02   0.45185439E+02
 0.57208003E+02   0.46181719E+02
 0.58088126E+02   0.47150692E+02
 0.58968249E+02   0.48090497E+02
 0.59848372E+02   0.48999343E+02
 0.60728495E+02   0.49875501E+02
 0.61608618E+02   0.50717301E+02
 0.62488741E+02   0.51523127E+02
 0.63368864E+02   0.52291412E+02
 0.64248987E+02   0.53020633E+02
 0.65129111E+02   0.53709303E+02
 0.66009234E+02   0.54355986E+02
 0.66889357E+02   0.54963274E+02
 0.67769480E+02   0.55538484E+02
 0.68649603E+02   0.56085476E+02
 0.69529726E+02   0.56606883E+02
 0.70409849E+02   0.57104741E+02
 0.71289972E+02   0.57580715E+02
 0.72170095E+02   0.58036216E+02
 0.73050219E+02   0.58472469E+02
 0.73930342E+02   0.58890549E+02
 0.74810465E+02   0.59291417E+02
 0.75690588E+02   0.59675937E+02
 0.76570711E+02   0.60044896E+02
 0.77450834E+02   0.60399012E+02
 0.78330957E+02   0.60738948E+02
 0.79211080E+02   0.61065313E+02
 0.80091204E+02   0.61378677E+02
 0.80971327E+02   0.61679569E+02
 0.81851450E+02   0.61968485E+02
 0.82731573E+02   0.62245891E+02
 0.83611696E+02   0.62512223E+02
 0.84491819E+02   0.62767898E+02
 0.85371942E+02   0.63013316E+02
 0.86252065E+02   0.63249001E+02
 0.87132188E+02   0.63475463E+02
 0.88012312E+02   0.63693136E+02
 0.88892435E+02   0.63902419E+02
 0.89772558E+02   0.64103686E+02
 0.90652681E+02   0.64297289E+02
 0.91532804E+02   0.64483564E+02
 0.92412927E+02   0.64662832E+02
 0.93293050E+02   0.64835397E+02
 0.94173173E+02   0.65001552E+02
 0.95053296E+02   0.65161580E+02
 0.95933420E+02   0.65315667E+02
 0.96813543E+02   0.65463940E+02
 0.97693666E+02   0.65606568E+02
 0.98573789E+02   0.65743734E+02
 0.99453912E+02   0.65875620E+02
 0.10033404E+03   0.66002407E+02
 0.10121416E+03   0.66124273E+02
 0.10209428E+03   0.66241393E+02
 0.10297440E+03   0.66353939E+02
 0.10385453E+03   0.66462080E+02
 0.10473465E+03   0.66565978E+02
 0.10561477E+03   0.66665794E+02
 0.10649490E+03   0.66761685E+02
 0.10737502E+03   0.66853804E+02
 0.10825514E+03   0.66942301E+02
 0.10913527E+03   0.67027322E+02
 0.11001539E+03   0.67109011E+02
 0.11089551E+03   0.67187506E+02
 0.11177564E+03   0.67262944E+02
 0.11265576E+03   0.67335461E+02
 0.11353588E+03   0.67405186E+02
 0.11441601E+03   0.67472213E+02
 0.11529613E+03   0.67536515E+02
 0.11617625E+03   0.67598112E+02
 0.11705637E+03   0.67657055E+02
 0.11793650E+03   0.67713401E+02
 0.11881662E+03   0.67767214E+02
 0.11969674E+03   0.67818561E+02
 0.12057687E+03   0.67867510E+02
 0.12145699E+03   0.67914133E+02
 0.12233711E+03   0.67958498E+02
 0.12321724E+03   0.68000676E+02
 0.12409736E+03   0.68040738E+02
 0.12497748E+03   0.68078753E+02
 0.12585761E+03   0.68114792E+02
 0.12673773E+03   0.68148922E+02
 0.12761785E+03   0.68181213E+02
 0.12849797E+03   0.68211733E+02
 0.12937810E+03   0.68240548E+02
 0.13025822E+03   0.68267726E+02
 0.13113834E+03   0.68293332E+02
 0.13201847E+03   0.68317431E+02
 0.13289859E+03   0.68340089E+02
 0.13377871E+03   0.68361367E+02
 0.13465884E+03   0.68381329E+02
 0.13553896E+03   0.68400038E+02
 0.13641908E+03   0.68417554E+02
 0.13729921E+03   0.68433939E+02
 0.13817933E+03   0.68449252E+02
 0.13905945E+03   0.68463553E+02
 0.13993958E+03   0.68476899E+02
 0.14081970E+03   0.68489349E+02
 0.14169982E+03   0.68500960E+02
 0.14257994E+03   0.68511789E+02
 0.14346007E+03   0.68521891E+02
 0.14434019E+03   0.68531321E+02
 0.14522031E+03   0.68540134E+02
 0.14610044E+03   0.68548383E+02
 0.14698056E+03   0.68556123E+02
 0.14786068E+03   0.68563405E+02
 0.14874081E+03   0.68570282E+02
 0.14962093E+03   0.68576805E+02
 0.15050105E+03   0.68583024E+02
 0.15138118E+03   0.68588991E+02
 0.15226130E+03   0.68594756E+02
 0.15314142E+03   0.68600366E+02
 0.15402155E+03   0.68605871E+02
 0.15490167E+03   0.68611320E+02
 0.15578179E+03   0.68616759E+02
 0.15666191E+03   0.68622237E+02
 0.15754204E+03   0.68627799E+02
 0.15842216E+03   0.68633492E+02
 0.15930228E+03   0.68639362E+02
 0.16018241E+03   0.68645453E+02
 0.16106253E+03   0.68651811E+02
 0.16194265E+03   0.68658481E+02
 0.16282278E+03   0.68665505E+02
 0.16370290E+03   0.68672927E+02
 0.16458302E+03   0.68680791E+02
 0.16546315E+03   0.68689140E+02
 0.16634327E+03   0.68698014E+02
 0.16722339E+03   0.68707457E+02
 0.16810352E+03   0.68717510E+02
 0.16898364E+03   0.68728213E+02
 0.16986376E+03   0.68739608E+02
 0.17074388E+03   0.68751735E+02
 0.17162401E+03   0.68764633E+02
 0.17250413E+03   0.68778343E+02
 0.17338425E+03   0.68792904E+02
 0.17426438E+03   0.68808354E+02
 0.17514450E+03   0.68824732E+02
