TITLE     = "CFD++ results at NT=2400, TAU=0.000000"
VARIABLES = "X"
"dp/p"
ZONE T="Extracted Points"
 STRANDID=0, SOLUTIONTIME=0
 I=973, J=1, K=1, ZONETYPE=Ordered
 DATAPACKING=POINT
 DT=(SINGLE SINGLE )
-0.10800000E+02   0.19001121E-04
-0.10571662E+02   0.19001121E-04
-0.10343324E+02   0.19001121E-04
-0.10114986E+02   0.19001121E-04
-0.98866481E+01   0.19001121E-04
-0.96583102E+01   0.19001121E-04
-0.94299722E+01   0.19001121E-04
-0.92016343E+01   0.19001121E-04
-0.89732963E+01   0.19001121E-04
-0.87449583E+01   0.19001121E-04
-0.85166204E+01   0.19001121E-04
-0.82882824E+01   0.19001121E-04
-0.80599444E+01   0.19001121E-04
-0.78316065E+01   0.19001121E-04
-0.76032685E+01   0.19001121E-04
-0.73749306E+01   0.19001121E-04
-0.71465926E+01   0.19001121E-04
-0.69182546E+01   0.19001121E-04
-0.66899167E+01   0.19001121E-04
-0.64615787E+01   0.19001121E-04
-0.62332407E+01   0.19001121E-04
-0.60049028E+01   0.19001121E-04
-0.57765648E+01   0.19001121E-04
-0.55482269E+01   0.19001121E-04
-0.53198889E+01   0.19001121E-04
-0.50915509E+01   0.19001121E-04
-0.48632130E+01   0.19001121E-04
-0.46348750E+01   0.19001121E-04
-0.44065370E+01   0.19001121E-04
-0.41781991E+01   0.19001121E-04
-0.39498611E+01   0.19001121E-04
-0.37215231E+01   0.19001121E-04
-0.34931852E+01   0.19001121E-04
-0.32648472E+01   0.19001121E-04
-0.30365093E+01   0.19001121E-04
-0.28081713E+01   0.19001121E-04
-0.25798333E+01   0.19001121E-04
-0.23514954E+01   0.19001121E-04
-0.21231574E+01   0.19001121E-04
-0.18948194E+01   0.19001121E-04
-0.16664815E+01   0.19001121E-04
-0.14381435E+01   0.19001121E-04
-0.12098056E+01   0.19001121E-04
-0.98146759E+00   0.19001121E-04
-0.75312963E+00   0.19001121E-04
-0.52479167E+00   0.19001121E-04
-0.29645370E+00   0.19001121E-04
-0.68115741E-01   0.19001121E-04
 0.16022222E+00   0.20449468E-04
 0.38856019E+00   0.22513555E-04
 0.61689815E+00   0.42654644E-03
 0.84523611E+00   0.13877173E-02
 0.10735741E+01   0.23488881E-02
 0.13019120E+01   0.33100589E-02
 0.15302500E+01   0.42712297E-02
 0.17585880E+01   0.52324005E-02
 0.19869259E+01   0.61935713E-02
 0.22152639E+01   0.71547421E-02
 0.24436019E+01   0.81159129E-02
 0.26719398E+01   0.90770837E-02
 0.29002778E+01   0.10038255E-01
 0.31286157E+01   0.10994521E-01
 0.33569537E+01   0.10853286E-01
 0.35852917E+01   0.10712050E-01
 0.38136296E+01   0.10570815E-01
 0.40419676E+01   0.10429579E-01
 0.42703056E+01   0.10288344E-01
 0.44986435E+01   0.10147108E-01
 0.47269815E+01   0.10005873E-01
 0.49553194E+01   0.98646371E-02
 0.51836574E+01   0.97234016E-02
 0.54119954E+01   0.95821660E-02
 0.56403333E+01   0.94409305E-02
 0.58686713E+01   0.92996950E-02
 0.60970093E+01   0.91584594E-02
 0.63253472E+01   0.90172239E-02
 0.65536852E+01   0.88759884E-02
 0.67820231E+01   0.87347528E-02
 0.70103611E+01   0.85935173E-02
 0.72386991E+01   0.84522818E-02
 0.74670370E+01   0.83110462E-02
 0.76953750E+01   0.81698107E-02
 0.79237130E+01   0.80285751E-02
 0.81520509E+01   0.78873396E-02
 0.83803889E+01   0.77461041E-02
 0.86087269E+01   0.76048685E-02
 0.88370648E+01   0.74636330E-02
 0.90654028E+01   0.73223975E-02
 0.92937407E+01   0.71811619E-02
 0.95220787E+01   0.70399264E-02
 0.97504167E+01   0.68986909E-02
 0.99787546E+01   0.67574553E-02
 0.10207093E+02   0.66162198E-02
 0.10435431E+02   0.64749843E-02
 0.10663769E+02   0.63337487E-02
 0.10892106E+02   0.61925132E-02
 0.11120444E+02   0.60512777E-02
 0.11348782E+02   0.59100421E-02
 0.11577120E+02   0.57688066E-02
 0.11805458E+02   0.56275711E-02
 0.12033796E+02   0.54863355E-02
 0.12262134E+02   0.53451000E-02
 0.12490472E+02   0.52038645E-02
 0.12718810E+02   0.50626289E-02
 0.12947148E+02   0.49213934E-02
 0.13175486E+02   0.49379868E-02
 0.13403824E+02   0.50470417E-02
 0.13632162E+02   0.51560966E-02
 0.13860500E+02   0.52651514E-02
 0.14088838E+02   0.53742063E-02
 0.14317176E+02   0.54832612E-02
 0.14545514E+02   0.55923161E-02
 0.14773852E+02   0.57013709E-02
 0.15002190E+02   0.58104258E-02
 0.15230528E+02   0.59194807E-02
 0.15458866E+02   0.60285356E-02
 0.15687204E+02   0.61375904E-02
 0.15915542E+02   0.62466453E-02
 0.16143880E+02   0.63557002E-02
 0.16372218E+02   0.64647551E-02
 0.16600556E+02   0.65738100E-02
 0.16828894E+02   0.66828648E-02
 0.17057231E+02   0.67919197E-02
 0.17285569E+02   0.69009746E-02
 0.17513907E+02   0.70100295E-02
 0.17742245E+02   0.71190843E-02
 0.17970583E+02   0.72281392E-02
 0.18198921E+02   0.73371941E-02
 0.18427259E+02   0.74462490E-02
 0.18655597E+02   0.75553038E-02
 0.18883935E+02   0.76643587E-02
 0.19112273E+02   0.77734136E-02
 0.19340611E+02   0.78824685E-02
 0.19568949E+02   0.79915233E-02
 0.19797287E+02   0.80488739E-02
 0.20025625E+02   0.80592051E-02
 0.20253963E+02   0.80695363E-02
 0.20482301E+02   0.80798676E-02
 0.20710639E+02   0.80901988E-02
 0.20938977E+02   0.81005300E-02
 0.21167315E+02   0.81108613E-02
 0.21395653E+02   0.81211925E-02
 0.21623991E+02   0.81315237E-02
 0.21852329E+02   0.81418550E-02
 0.22080667E+02   0.81521862E-02
 0.22309005E+02   0.81625174E-02
 0.22537343E+02   0.81728487E-02
 0.22765681E+02   0.81831799E-02
 0.22994019E+02   0.81935111E-02
 0.23222356E+02   0.82038424E-02
 0.23450694E+02   0.82141736E-02
 0.23679032E+02   0.82245048E-02
 0.23907370E+02   0.82348361E-02
 0.24135708E+02   0.82451673E-02
 0.24364046E+02   0.82554985E-02
 0.24592384E+02   0.82658298E-02
 0.24820722E+02   0.82761610E-02
 0.25049060E+02   0.82864922E-02
 0.25277398E+02   0.82968235E-02
 0.25505736E+02   0.83071547E-02
 0.25734074E+02   0.83435210E-02
 0.25962412E+02   0.83847866E-02
 0.26190750E+02   0.84260522E-02
 0.26419088E+02   0.84673178E-02
 0.26647426E+02   0.85085834E-02
 0.26875764E+02   0.85498490E-02
 0.27104102E+02   0.85911146E-02
 0.27332440E+02   0.86323802E-02
 0.27560778E+02   0.86736458E-02
 0.27789116E+02   0.87149114E-02
 0.28017454E+02   0.87561770E-02
 0.28245792E+02   0.87974426E-02
 0.28474130E+02   0.88387082E-02
 0.28702468E+02   0.88799738E-02
 0.28930806E+02   0.89212394E-02
 0.29159144E+02   0.89625050E-02
 0.29387481E+02   0.90037706E-02
 0.29615819E+02   0.90450362E-02
 0.29844157E+02   0.90863018E-02
 0.30072495E+02   0.91275674E-02
 0.30300833E+02   0.91688330E-02
 0.30529171E+02   0.92100986E-02
 0.30757509E+02   0.92513642E-02
 0.30985847E+02   0.92926298E-02
 0.31214185E+02   0.93338954E-02
 0.31442523E+02   0.93751610E-02
 0.31670861E+02   0.94164266E-02
 0.31899199E+02   0.94576922E-02
 0.32127537E+02   0.94989578E-02
 0.32355875E+02   0.95402234E-02
 0.32584213E+02   0.95814890E-02
 0.32812551E+02   0.96227546E-02
 0.33040889E+02   0.96640202E-02
 0.33269227E+02   0.97052858E-02
 0.33497565E+02   0.97465514E-02
 0.33725903E+02   0.97878170E-02
 0.33954241E+02   0.98290826E-02
 0.34182579E+02   0.98703482E-02
 0.34410917E+02   0.99116138E-02
 0.34639255E+02   0.99528794E-02
 0.34867593E+02   0.99941450E-02
 0.35095931E+02   0.10035411E-01
 0.35324269E+02   0.10076676E-01
 0.35552606E+02   0.10117942E-01
 0.35780944E+02   0.10159207E-01
 0.36009282E+02   0.10200473E-01
 0.36237620E+02   0.10241739E-01
 0.36465958E+02   0.10283004E-01
 0.36694296E+02   0.10324270E-01
 0.36922634E+02   0.10365535E-01
 0.37150972E+02   0.10406801E-01
 0.37379310E+02   0.10448067E-01
 0.37607648E+02   0.10489332E-01
 0.37835986E+02   0.10530598E-01
 0.38064324E+02   0.10571863E-01
 0.38292662E+02   0.10613129E-01
 0.38521000E+02   0.10654395E-01
 0.38749338E+02   0.10695660E-01
 0.38977676E+02   0.10736926E-01
 0.39206014E+02   0.10778191E-01
 0.39434352E+02   0.10819457E-01
 0.39662690E+02   0.10860723E-01
 0.39891028E+02   0.10901988E-01
 0.40119366E+02   0.10943254E-01
 0.40347704E+02   0.10984519E-01
 0.40576042E+02   0.11025785E-01
 0.40804380E+02   0.11067051E-01
 0.41032718E+02   0.11108316E-01
 0.41261056E+02   0.11149582E-01
 0.41489394E+02   0.11190847E-01
 0.41717731E+02   0.11232113E-01
 0.41946069E+02   0.11273379E-01
 0.42174407E+02   0.11314644E-01
 0.42402745E+02   0.11355910E-01
 0.42631083E+02   0.11397175E-01
 0.42859421E+02   0.11438441E-01
 0.43087759E+02   0.11479707E-01
 0.43316097E+02   0.11520972E-01
 0.43544435E+02   0.11562238E-01
 0.43772773E+02   0.11603503E-01
 0.44001111E+02   0.11644769E-01
 0.44229449E+02   0.11686035E-01
 0.44457787E+02   0.11727300E-01
 0.44686125E+02   0.11768566E-01
 0.44914463E+02   0.11809831E-01
 0.45142801E+02   0.11851097E-01
 0.45371139E+02   0.11892363E-01
 0.45599477E+02   0.11933628E-01
 0.45827815E+02   0.11974894E-01
 0.46056153E+02   0.12016159E-01
 0.46284491E+02   0.11901719E-01
 0.46512829E+02   0.11710138E-01
 0.46741167E+02   0.11518557E-01
 0.46969505E+02   0.11326976E-01
 0.47197843E+02   0.11135395E-01
 0.47426181E+02   0.10943814E-01
 0.47654519E+02   0.10752233E-01
 0.47882856E+02   0.10560652E-01
 0.48111194E+02   0.10369070E-01
 0.48339532E+02   0.10177489E-01
 0.48567870E+02   0.99859082E-02
 0.48796208E+02   0.97943271E-02
 0.49024546E+02   0.96027460E-02
 0.49252884E+02   0.94111649E-02
 0.49481222E+02   0.92195838E-02
 0.49709560E+02   0.90280027E-02
 0.49937898E+02   0.88364216E-02
 0.50166236E+02   0.86448405E-02
 0.50394574E+02   0.84532594E-02
 0.50622912E+02   0.82616783E-02
 0.50851250E+02   0.80700972E-02
 0.51079588E+02   0.78785161E-02
 0.51307926E+02   0.76869350E-02
 0.51536264E+02   0.74953539E-02
 0.51764602E+02   0.73037728E-02
 0.51992940E+02   0.71121917E-02
 0.52221278E+02   0.69206106E-02
 0.52449616E+02   0.67290296E-02
 0.52677954E+02   0.65374485E-02
 0.52906292E+02   0.63458674E-02
 0.53134630E+02   0.61542863E-02
 0.53362968E+02   0.59627052E-02
 0.53591306E+02   0.57711241E-02
 0.53819644E+02   0.55795430E-02
 0.54047981E+02   0.53879619E-02
 0.54276319E+02   0.51963808E-02
 0.54504657E+02   0.50047997E-02
 0.54732995E+02   0.48132186E-02
 0.54961333E+02   0.46216375E-02
 0.55189671E+02   0.44300564E-02
 0.55418009E+02   0.42384753E-02
 0.55646347E+02   0.40468942E-02
 0.55874685E+02   0.38553131E-02
 0.56103023E+02   0.36637320E-02
 0.56331361E+02   0.34721509E-02
 0.56559699E+02   0.32805698E-02
 0.56788037E+02   0.30889887E-02
 0.57016375E+02   0.28974076E-02
 0.57244713E+02   0.27058265E-02
 0.57473051E+02   0.25142454E-02
 0.57701389E+02   0.23226643E-02
 0.57929727E+02   0.21310832E-02
 0.58158065E+02   0.19395021E-02
 0.58386403E+02   0.17479210E-02
 0.58614741E+02   0.15563399E-02
 0.58843079E+02   0.13647588E-02
 0.59071417E+02   0.11731777E-02
 0.59299755E+02   0.98159659E-03
 0.59528093E+02   0.79001549E-03
 0.59756431E+02   0.59843439E-03
 0.59984769E+02   0.40685329E-03
 0.60213106E+02   0.21527220E-03
 0.60441444E+02   0.23691097E-04
 0.60669782E+02  -0.16789000E-03
 0.60898120E+02  -0.35947110E-03
 0.61126458E+02  -0.55105220E-03
 0.61354796E+02  -0.74263330E-03
 0.61583134E+02  -0.93421440E-03
 0.61811472E+02  -0.11257955E-02
 0.62039810E+02  -0.13173766E-02
 0.62268148E+02  -0.15089577E-02
 0.62496486E+02  -0.17005388E-02
 0.62724824E+02  -0.18921199E-02
 0.62953162E+02  -0.20837010E-02
 0.63181500E+02  -0.22752821E-02
 0.63409838E+02  -0.24668632E-02
 0.63638176E+02  -0.26584443E-02
 0.63866514E+02  -0.28500254E-02
 0.64094852E+02  -0.30416065E-02
 0.64323190E+02  -0.32331876E-02
 0.64551528E+02  -0.34247687E-02
 0.64779866E+02  -0.36163498E-02
 0.65008204E+02  -0.38079309E-02
 0.65236542E+02  -0.39995120E-02
 0.65464880E+02  -0.41910931E-02
 0.65693218E+02  -0.43826742E-02
 0.65921556E+02  -0.45742553E-02
 0.66149894E+02  -0.45811291E-02
 0.66378231E+02  -0.45719631E-02
 0.66606569E+02  -0.45627970E-02
 0.66834907E+02  -0.45536310E-02
 0.67063245E+02  -0.45444649E-02
 0.67291583E+02  -0.45352989E-02
 0.67519921E+02  -0.45261328E-02
 0.67748259E+02  -0.45169668E-02
 0.67976597E+02  -0.45078007E-02
 0.68204935E+02  -0.44986347E-02
 0.68433273E+02  -0.44894686E-02
 0.68661611E+02  -0.44803026E-02
 0.68889949E+02  -0.44711365E-02
 0.69118287E+02  -0.44619704E-02
 0.69346625E+02  -0.44528044E-02
 0.69574963E+02  -0.44436383E-02
 0.69803301E+02  -0.44344723E-02
 0.70031639E+02  -0.44253062E-02
 0.70259977E+02  -0.44161402E-02
 0.70488315E+02  -0.44069741E-02
 0.70716653E+02  -0.43978081E-02
 0.70944991E+02  -0.43886420E-02
 0.71173329E+02  -0.43794760E-02
 0.71401667E+02  -0.43703099E-02
 0.71630005E+02  -0.43611439E-02
 0.71858343E+02  -0.43519778E-02
 0.72086681E+02  -0.43428118E-02
 0.72315019E+02  -0.43336457E-02
 0.72543356E+02  -0.43244797E-02
 0.72771694E+02  -0.43153136E-02
 0.73000032E+02  -0.43061476E-02
 0.73228370E+02  -0.42969815E-02
 0.73456708E+02  -0.42878155E-02
 0.73685046E+02  -0.42786494E-02
 0.73913384E+02  -0.42694833E-02
 0.74141722E+02  -0.42603173E-02
 0.74370060E+02  -0.42511512E-02
 0.74598398E+02  -0.42419852E-02
 0.74826736E+02  -0.42328191E-02
 0.75055074E+02  -0.42236531E-02
 0.75283412E+02  -0.42144870E-02
 0.75511750E+02  -0.42053210E-02
 0.75740088E+02  -0.41961549E-02
 0.75968426E+02  -0.41869889E-02
 0.76196764E+02  -0.41778228E-02
 0.76425102E+02  -0.41686568E-02
 0.76653440E+02  -0.41594907E-02
 0.76881778E+02  -0.41503247E-02
 0.77110116E+02  -0.41411586E-02
 0.77338454E+02  -0.41319926E-02
 0.77566792E+02  -0.41228265E-02
 0.77795130E+02  -0.41136605E-02
 0.78023468E+02  -0.41044944E-02
 0.78251806E+02  -0.40953284E-02
 0.78480144E+02  -0.40861623E-02
 0.78708481E+02  -0.40769962E-02
 0.78936819E+02  -0.40678302E-02
 0.79165157E+02  -0.40586641E-02
 0.79393495E+02  -0.40494981E-02
 0.79621833E+02  -0.40403320E-02
 0.79850171E+02  -0.40311660E-02
 0.80078509E+02  -0.40219999E-02
 0.80306847E+02  -0.40128339E-02
 0.80535185E+02  -0.40036678E-02
 0.80763523E+02  -0.39945018E-02
 0.80991861E+02  -0.39853357E-02
 0.81220199E+02  -0.39761697E-02
 0.81448537E+02  -0.39670036E-02
 0.81676875E+02  -0.39578376E-02
 0.81905213E+02  -0.39486715E-02
 0.82133551E+02  -0.39395055E-02
 0.82361889E+02  -0.39303394E-02
 0.82590227E+02  -0.39211734E-02
 0.82818565E+02  -0.39120073E-02
 0.83046903E+02  -0.39028413E-02
 0.83275241E+02  -0.38936752E-02
 0.83503579E+02  -0.38845091E-02
 0.83731917E+02  -0.38753431E-02
 0.83960255E+02  -0.38661770E-02
 0.84188593E+02  -0.38570110E-02
 0.84416931E+02  -0.38478449E-02
 0.84645269E+02  -0.38386789E-02
 0.84873606E+02  -0.38295128E-02
 0.85101944E+02  -0.38177837E-02
 0.85330282E+02  -0.38043158E-02
 0.85558620E+02  -0.37908479E-02
 0.85786958E+02  -0.37773800E-02
 0.86015296E+02  -0.37639120E-02
 0.86243634E+02  -0.37504441E-02
 0.86471972E+02  -0.37369762E-02
 0.86700310E+02  -0.37235083E-02
 0.86928648E+02  -0.37100404E-02
 0.87156986E+02  -0.36965725E-02
 0.87385324E+02  -0.36831045E-02
 0.87613662E+02  -0.36696366E-02
 0.87842000E+02  -0.36561687E-02
 0.88070338E+02  -0.36427008E-02
 0.88298676E+02  -0.36292329E-02
 0.88527014E+02  -0.36157650E-02
 0.88755352E+02  -0.36022970E-02
 0.88983690E+02  -0.35888291E-02
 0.89212028E+02  -0.35753612E-02
 0.89440366E+02  -0.35618933E-02
 0.89668704E+02  -0.35484254E-02
 0.89897042E+02  -0.35349575E-02
 0.90125380E+02  -0.35214895E-02
 0.90353718E+02  -0.35080216E-02
 0.90582056E+02  -0.34945537E-02
 0.90810394E+02  -0.34810858E-02
 0.91038731E+02  -0.34676179E-02
 0.91267069E+02  -0.34541500E-02
 0.91495407E+02  -0.34406820E-02
 0.91723745E+02  -0.34272141E-02
 0.91952083E+02  -0.34137462E-02
 0.92180421E+02  -0.34002783E-02
 0.92408759E+02  -0.33868104E-02
 0.92637097E+02  -0.33733425E-02
 0.92865435E+02  -0.33598745E-02
 0.93093773E+02  -0.33464066E-02
 0.93322111E+02  -0.33329387E-02
 0.93550449E+02  -0.33194708E-02
 0.93778787E+02  -0.33060029E-02
 0.94007125E+02  -0.32925350E-02
 0.94235463E+02  -0.32790670E-02
 0.94463801E+02  -0.32655991E-02
 0.94692139E+02  -0.32521312E-02
 0.94920477E+02  -0.32393876E-02
 0.95148815E+02  -0.32291898E-02
 0.95377153E+02  -0.32189919E-02
 0.95605491E+02  -0.32087940E-02
 0.95833829E+02  -0.31985962E-02
 0.96062167E+02  -0.31883983E-02
 0.96290505E+02  -0.31782005E-02
 0.96518843E+02  -0.31680026E-02
 0.96747181E+02  -0.31578047E-02
 0.96975519E+02  -0.31476069E-02
 0.97203856E+02  -0.31374090E-02
 0.97432194E+02  -0.31272112E-02
 0.97660532E+02  -0.31170133E-02
 0.97888870E+02  -0.31068154E-02
 0.98117208E+02  -0.30966176E-02
 0.98345546E+02  -0.30864197E-02
 0.98573884E+02  -0.30762219E-02
 0.98802222E+02  -0.30660240E-02
 0.99030560E+02  -0.30558261E-02
 0.99258898E+02  -0.30456283E-02
 0.99487236E+02  -0.30354304E-02
 0.99715574E+02  -0.30252326E-02
 0.99943912E+02  -0.30150347E-02
 0.10017225E+03  -0.30048368E-02
 0.10040059E+03  -0.29946390E-02
 0.10062893E+03  -0.29844411E-02
 0.10085726E+03  -0.29742433E-02
 0.10108560E+03  -0.29640454E-02
 0.10131394E+03  -0.29538476E-02
 0.10154228E+03  -0.29436497E-02
 0.10177062E+03  -0.29334518E-02
 0.10199895E+03  -0.29232540E-02
 0.10222729E+03  -0.29130561E-02
 0.10245563E+03  -0.29028583E-02
 0.10268397E+03  -0.28926604E-02
 0.10291231E+03  -0.28824625E-02
 0.10314064E+03  -0.28722647E-02
 0.10336898E+03  -0.28620668E-02
 0.10359732E+03  -0.28518690E-02
 0.10382566E+03  -0.28416711E-02
 0.10405400E+03  -0.28314732E-02
 0.10428233E+03  -0.28212754E-02
 0.10451067E+03  -0.28110775E-02
 0.10473901E+03  -0.28008797E-02
 0.10496735E+03  -0.27906818E-02
 0.10519569E+03  -0.27804839E-02
 0.10542402E+03  -0.27702861E-02
 0.10565236E+03  -0.27600882E-02
 0.10588070E+03  -0.27498904E-02
 0.10610904E+03  -0.27396925E-02
 0.10633738E+03  -0.27294946E-02
 0.10656571E+03  -0.27192968E-02
 0.10679405E+03  -0.27090989E-02
 0.10702239E+03  -0.26989011E-02
 0.10725073E+03  -0.26887032E-02
 0.10747906E+03  -0.26785053E-02
 0.10770740E+03  -0.26683075E-02
 0.10793574E+03  -0.26581096E-02
 0.10816408E+03  -0.26479118E-02
 0.10839242E+03  -0.26377139E-02
 0.10862075E+03  -0.26275161E-02
 0.10884909E+03  -0.26173182E-02
 0.10907743E+03  -0.26071203E-02
 0.10930577E+03  -0.25969225E-02
 0.10953411E+03  -0.25867246E-02
 0.10976244E+03  -0.25765268E-02
 0.10999078E+03  -0.25663289E-02
 0.11021912E+03  -0.25561310E-02
 0.11044746E+03  -0.25459332E-02
 0.11067580E+03  -0.25357353E-02
 0.11090413E+03  -0.25255375E-02
 0.11113247E+03  -0.25153396E-02
 0.11136081E+03  -0.25051417E-02
 0.11158915E+03  -0.24949439E-02
 0.11181749E+03  -0.24847460E-02
 0.11204582E+03  -0.24745482E-02
 0.11227416E+03  -0.24643503E-02
 0.11250250E+03  -0.24541524E-02
 0.11273084E+03  -0.24439546E-02
 0.11295918E+03  -0.24337567E-02
 0.11318751E+03  -0.24235589E-02
 0.11341585E+03  -0.24133610E-02
 0.11364419E+03  -0.24031631E-02
 0.11387253E+03  -0.23957452E-02
 0.11410087E+03  -0.23890193E-02
 0.11432920E+03  -0.23822934E-02
 0.11455754E+03  -0.23755675E-02
 0.11478588E+03  -0.23688416E-02
 0.11501422E+03  -0.23621157E-02
 0.11524256E+03  -0.23553897E-02
 0.11547089E+03  -0.23486638E-02
 0.11569923E+03  -0.23419379E-02
 0.11592757E+03  -0.23352120E-02
 0.11615591E+03  -0.23284861E-02
 0.11638425E+03  -0.23217602E-02
 0.11661258E+03  -0.23150343E-02
 0.11684092E+03  -0.23083083E-02
 0.11706926E+03  -0.23015824E-02
 0.11729760E+03  -0.22948565E-02
 0.11752594E+03  -0.22881306E-02
 0.11775427E+03  -0.22814047E-02
 0.11798261E+03  -0.22746788E-02
 0.11821095E+03  -0.22679529E-02
 0.11843929E+03  -0.22612269E-02
 0.11866763E+03  -0.22545010E-02
 0.11889596E+03  -0.22477751E-02
 0.11912430E+03  -0.22410492E-02
 0.11935264E+03  -0.22343233E-02
 0.11958098E+03  -0.22275974E-02
 0.11980931E+03  -0.22208715E-02
 0.12003765E+03  -0.22141455E-02
 0.12026599E+03  -0.22074196E-02
 0.12049433E+03  -0.22006937E-02
 0.12072267E+03  -0.21939678E-02
 0.12095100E+03  -0.21872419E-02
 0.12117934E+03  -0.21805160E-02
 0.12140768E+03  -0.21737901E-02
 0.12163602E+03  -0.21670641E-02
 0.12186436E+03  -0.21603382E-02
 0.12209269E+03  -0.21536123E-02
 0.12232103E+03  -0.21468864E-02
 0.12254937E+03  -0.21401605E-02
 0.12277771E+03  -0.21334346E-02
 0.12300605E+03  -0.21267087E-02
 0.12323438E+03  -0.21199827E-02
 0.12346272E+03  -0.21132568E-02
 0.12369106E+03  -0.21065309E-02
 0.12391940E+03  -0.20998050E-02
 0.12414774E+03  -0.20930791E-02
 0.12437607E+03  -0.20863532E-02
 0.12460441E+03  -0.20796273E-02
 0.12483275E+03  -0.20729013E-02
 0.12506109E+03  -0.20661754E-02
 0.12528943E+03  -0.20594495E-02
 0.12551776E+03  -0.20527236E-02
 0.12574610E+03  -0.20459977E-02
 0.12597444E+03  -0.20392718E-02
 0.12620278E+03  -0.20325459E-02
 0.12643112E+03  -0.20258199E-02
 0.12665945E+03  -0.20190940E-02
 0.12688779E+03  -0.20123681E-02
 0.12711613E+03  -0.20056422E-02
 0.12734447E+03  -0.19989163E-02
 0.12757281E+03  -0.19921904E-02
 0.12780114E+03  -0.19854645E-02
 0.12802948E+03  -0.19787385E-02
 0.12825782E+03  -0.19720126E-02
 0.12848616E+03  -0.19652867E-02
 0.12871450E+03  -0.19585608E-02
 0.12894283E+03  -0.19518349E-02
 0.12917117E+03  -0.19451090E-02
 0.12939951E+03  -0.19383831E-02
 0.12962785E+03  -0.19316571E-02
 0.12985619E+03  -0.19249312E-02
 0.13008452E+03  -0.19182053E-02
 0.13031286E+03  -0.19114794E-02
 0.13054120E+03  -0.19047535E-02
 0.13076954E+03  -0.18980276E-02
 0.13099787E+03  -0.18913017E-02
 0.13122621E+03  -0.18845757E-02
 0.13145455E+03  -0.18778498E-02
 0.13168289E+03  -0.18711239E-02
 0.13191123E+03  -0.18643980E-02
 0.13213956E+03  -0.18576721E-02
 0.13236790E+03  -0.18509462E-02
 0.13259624E+03  -0.18442203E-02
 0.13282458E+03  -0.18374943E-02
 0.13305292E+03  -0.18307684E-02
 0.13328125E+03  -0.18240425E-02
 0.13350959E+03  -0.18173166E-02
 0.13373793E+03  -0.18105907E-02
 0.13396627E+03  -0.18038648E-02
 0.13419461E+03  -0.17971389E-02
 0.13442294E+03  -0.17904129E-02
 0.13465128E+03  -0.17836870E-02
 0.13487962E+03  -0.17769611E-02
 0.13510796E+03  -0.17702352E-02
 0.13533630E+03  -0.17635093E-02
 0.13556463E+03  -0.17567834E-02
 0.13579297E+03  -0.17500575E-02
 0.13602131E+03  -0.17433315E-02
 0.13624965E+03  -0.17366056E-02
 0.13647799E+03  -0.17298797E-02
 0.13670632E+03  -0.17231538E-02
 0.13693466E+03  -0.17164279E-02
 0.13716300E+03  -0.17097020E-02
 0.13739134E+03  -0.17029761E-02
 0.13761968E+03  -0.16962501E-02
 0.13784801E+03  -0.16895242E-02
 0.13807635E+03  -0.16827983E-02
 0.13830469E+03  -0.16760724E-02
 0.13853303E+03  -0.16693465E-02
 0.13876137E+03  -0.16626206E-02
 0.13898970E+03  -0.16558947E-02
 0.13921804E+03  -0.16491687E-02
 0.13944638E+03  -0.16424428E-02
 0.13967472E+03  -0.16357169E-02
 0.13990306E+03  -0.16289910E-02
 0.14013139E+03  -0.16222651E-02
 0.14035973E+03  -0.16155392E-02
 0.14058807E+03  -0.16088133E-02
 0.14081641E+03  -0.16020873E-02
 0.14104475E+03  -0.15953614E-02
 0.14127308E+03  -0.15886355E-02
 0.14150142E+03  -0.15819096E-02
 0.14172976E+03  -0.15751837E-02
 0.14195810E+03  -0.15684578E-02
 0.14218644E+03  -0.15617319E-02
 0.14241477E+03  -0.15550059E-02
 0.14264311E+03  -0.15482800E-02
 0.14287145E+03  -0.15415541E-02
 0.14309979E+03  -0.15348282E-02
 0.14332812E+03  -0.15281023E-02
 0.14355646E+03  -0.15213764E-02
 0.14378480E+03  -0.15146505E-02
 0.14401314E+03  -0.15079245E-02
 0.14424148E+03  -0.15011986E-02
 0.14446981E+03  -0.14944727E-02
 0.14469815E+03  -0.14877468E-02
 0.14492649E+03  -0.14810209E-02
 0.14515483E+03  -0.14742950E-02
 0.14538317E+03  -0.14675691E-02
 0.14561150E+03  -0.14608431E-02
 0.14583984E+03  -0.14541172E-02
 0.14606818E+03  -0.14473913E-02
 0.14629652E+03  -0.14406654E-02
 0.14652486E+03  -0.14339395E-02
 0.14675319E+03  -0.14272136E-02
 0.14698153E+03  -0.14204877E-02
 0.14720987E+03  -0.14137617E-02
 0.14743821E+03  -0.14070358E-02
 0.14766655E+03  -0.14003099E-02
 0.14789488E+03  -0.13935840E-02
 0.14812322E+03  -0.13868581E-02
 0.14835156E+03  -0.13801322E-02
 0.14857990E+03  -0.13734063E-02
 0.14880824E+03  -0.13666803E-02
 0.14903657E+03  -0.13599544E-02
 0.14926491E+03  -0.13532285E-02
 0.14949325E+03  -0.13465026E-02
 0.14972159E+03  -0.13397767E-02
 0.14994993E+03  -0.13330508E-02
 0.15017826E+03  -0.13263249E-02
 0.15040660E+03  -0.13195989E-02
 0.15063494E+03  -0.13128730E-02
 0.15086328E+03  -0.13061471E-02
 0.15109162E+03  -0.12994212E-02
 0.15131995E+03  -0.12926953E-02
 0.15154829E+03  -0.12859694E-02
 0.15177663E+03  -0.12792435E-02
 0.15200497E+03  -0.12725175E-02
 0.15223331E+03  -0.12657916E-02
 0.15246164E+03  -0.12590657E-02
 0.15268998E+03  -0.12523398E-02
 0.15291832E+03  -0.12456139E-02
 0.15314666E+03  -0.12388880E-02
 0.15337500E+03  -0.12321621E-02
 0.15360333E+03  -0.12254361E-02
 0.15383167E+03  -0.12187102E-02
 0.15406001E+03  -0.12119843E-02
 0.15428835E+03  -0.12052584E-02
 0.15451669E+03  -0.11985325E-02
 0.15474502E+03  -0.11918066E-02
 0.15497336E+03  -0.11850807E-02
 0.15520170E+03  -0.11783547E-02
 0.15543004E+03  -0.11716288E-02
 0.15565837E+03  -0.11649029E-02
 0.15588671E+03  -0.11581770E-02
 0.15611505E+03  -0.11514511E-02
 0.15634339E+03  -0.11447252E-02
 0.15657173E+03  -0.11379993E-02
 0.15680006E+03  -0.11312733E-02
 0.15702840E+03  -0.11245474E-02
 0.15725674E+03  -0.11178215E-02
 0.15748508E+03  -0.11110956E-02
 0.15771342E+03  -0.11043697E-02
 0.15794175E+03  -0.10976438E-02
 0.15817009E+03  -0.10909179E-02
 0.15839843E+03  -0.10841919E-02
 0.15862677E+03  -0.10774660E-02
 0.15885511E+03  -0.10707401E-02
 0.15908344E+03  -0.10640142E-02
 0.15931178E+03  -0.10572883E-02
 0.15954012E+03  -0.10505624E-02
 0.15976846E+03  -0.10438365E-02
 0.15999680E+03  -0.10371105E-02
 0.16022513E+03  -0.10303846E-02
 0.16045347E+03  -0.10236587E-02
 0.16068181E+03  -0.10169328E-02
 0.16091015E+03  -0.10102069E-02
 0.16113849E+03  -0.10034810E-02
 0.16136682E+03  -0.99675506E-03
 0.16159516E+03  -0.99002915E-03
 0.16182350E+03  -0.98330323E-03
 0.16205184E+03  -0.97657732E-03
 0.16228018E+03  -0.96985140E-03
 0.16250851E+03  -0.96312549E-03
 0.16273685E+03  -0.95639957E-03
 0.16296519E+03  -0.94967366E-03
 0.16319353E+03  -0.94294775E-03
 0.16342187E+03  -0.93622183E-03
 0.16365020E+03  -0.92949592E-03
 0.16387854E+03  -0.92277000E-03
 0.16410688E+03  -0.91604409E-03
 0.16433522E+03  -0.90931817E-03
 0.16456356E+03  -0.90259226E-03
 0.16479189E+03  -0.89586635E-03
 0.16502023E+03  -0.88914043E-03
 0.16524857E+03  -0.88241452E-03
 0.16547691E+03  -0.87568860E-03
 0.16570525E+03  -0.86896269E-03
 0.16593358E+03  -0.86223677E-03
 0.16616192E+03  -0.85551086E-03
 0.16639026E+03  -0.84878495E-03
 0.16661860E+03  -0.84205903E-03
 0.16684694E+03  -0.83533312E-03
 0.16707527E+03  -0.82860720E-03
 0.16730361E+03  -0.82188129E-03
 0.16753195E+03  -0.81515537E-03
 0.16776029E+03  -0.80842946E-03
 0.16798862E+03  -0.80170355E-03
 0.16821696E+03  -0.79497763E-03
 0.16844530E+03  -0.78825172E-03
 0.16867364E+03  -0.78152580E-03
 0.16890198E+03  -0.77479989E-03
 0.16913031E+03  -0.76807397E-03
 0.16935865E+03  -0.76134806E-03
 0.16958699E+03  -0.75462215E-03
 0.16981533E+03  -0.74789623E-03
 0.17004367E+03  -0.74117032E-03
 0.17027200E+03  -0.73444440E-03
 0.17050034E+03  -0.72771849E-03
 0.17072868E+03  -0.72099257E-03
 0.17095702E+03  -0.71426666E-03
 0.17118536E+03  -0.70754074E-03
 0.17141369E+03  -0.70081483E-03
 0.17164203E+03  -0.69408892E-03
 0.17187037E+03  -0.68736300E-03
 0.17209871E+03  -0.68063709E-03
 0.17232705E+03  -0.67391117E-03
 0.17255538E+03  -0.66718526E-03
 0.17278372E+03  -0.66045934E-03
 0.17301206E+03  -0.65373343E-03
 0.17324040E+03  -0.64700752E-03
 0.17346874E+03  -0.64028160E-03
 0.17369707E+03  -0.63355569E-03
 0.17392541E+03  -0.62682977E-03
 0.17415375E+03  -0.62010386E-03
 0.17438209E+03  -0.61337794E-03
 0.17461043E+03  -0.60665203E-03
 0.17483876E+03  -0.59992612E-03
 0.17506710E+03  -0.59320020E-03
 0.17529544E+03  -0.59092036E-03
 0.17552378E+03  -0.59092036E-03
 0.17575212E+03  -0.59092036E-03
 0.17598045E+03  -0.59092036E-03
 0.17620879E+03  -0.59092036E-03
 0.17643713E+03  -0.59092036E-03
 0.17666547E+03  -0.59092036E-03
 0.17689381E+03  -0.59092036E-03
 0.17712214E+03  -0.59092036E-03
 0.17735048E+03  -0.59092036E-03
 0.17757882E+03  -0.59092036E-03
 0.17780716E+03  -0.59092036E-03
 0.17803550E+03  -0.59092036E-03
 0.17826383E+03  -0.59092036E-03
 0.17849217E+03  -0.59092036E-03
 0.17872051E+03  -0.59092036E-03
 0.17894885E+03  -0.59092036E-03
 0.17917719E+03  -0.59092036E-03
 0.17940552E+03  -0.59092036E-03
 0.17963386E+03  -0.59092036E-03
 0.17986220E+03  -0.59092036E-03
 0.18009054E+03  -0.59092036E-03
 0.18031887E+03  -0.59092036E-03
 0.18054721E+03  -0.59092036E-03
 0.18077555E+03  -0.59092036E-03
 0.18100389E+03  -0.59092036E-03
 0.18123223E+03  -0.59092036E-03
 0.18146056E+03  -0.59092036E-03
 0.18168890E+03  -0.59092036E-03
 0.18191724E+03  -0.59092036E-03
 0.18214558E+03  -0.59092036E-03
 0.18237392E+03  -0.59092036E-03
 0.18260225E+03  -0.59092036E-03
 0.18283059E+03  -0.59092036E-03
 0.18305893E+03  -0.59092036E-03
 0.18328727E+03  -0.59092036E-03
 0.18351561E+03  -0.59092036E-03
 0.18374394E+03  -0.59092036E-03
 0.18397228E+03  -0.59092036E-03
 0.18420062E+03  -0.59092036E-03
 0.18442896E+03  -0.59092036E-03
 0.18465730E+03  -0.59092036E-03
 0.18488563E+03  -0.59092036E-03
 0.18511397E+03  -0.59092036E-03
 0.18534231E+03  -0.59092036E-03
 0.18557065E+03  -0.59092036E-03
 0.18579899E+03  -0.59092036E-03
 0.18602732E+03  -0.59092036E-03
 0.18625566E+03  -0.59092036E-03
 0.18648400E+03  -0.59092036E-03
 0.18671234E+03  -0.59092036E-03
 0.18694068E+03  -0.59092036E-03
 0.18716901E+03  -0.59092036E-03
 0.18739735E+03  -0.59092036E-03
 0.18762569E+03  -0.59092036E-03
 0.18785403E+03  -0.59092036E-03
 0.18808237E+03  -0.59092036E-03
 0.18831070E+03  -0.59092036E-03
 0.18853904E+03  -0.59092036E-03
 0.18876738E+03  -0.59092036E-03
 0.18899572E+03  -0.59092036E-03
 0.18922406E+03  -0.59092036E-03
 0.18945239E+03  -0.59092036E-03
 0.18968073E+03  -0.59092036E-03
 0.18990907E+03  -0.59092036E-03
 0.19013741E+03  -0.59092036E-03
 0.19036575E+03  -0.59092036E-03
 0.19059408E+03  -0.59092036E-03
 0.19082242E+03  -0.59092036E-03
 0.19105076E+03  -0.59092036E-03
 0.19127910E+03  -0.59092036E-03
 0.19150744E+03  -0.59092036E-03
 0.19173577E+03  -0.59092036E-03
 0.19196411E+03  -0.59092036E-03
 0.19219245E+03  -0.59092036E-03
 0.19242079E+03  -0.59092036E-03
 0.19264912E+03  -0.59092036E-03
 0.19287746E+03  -0.59092036E-03
 0.19310580E+03  -0.59092036E-03
 0.19333414E+03  -0.59092036E-03
 0.19356248E+03  -0.59092036E-03
 0.19379081E+03  -0.59092036E-03
 0.19401915E+03  -0.59092036E-03
 0.19424749E+03  -0.59092036E-03
 0.19447583E+03  -0.59092036E-03
 0.19470417E+03  -0.59092036E-03
 0.19493250E+03  -0.59092036E-03
 0.19516084E+03  -0.59092036E-03
 0.19538918E+03  -0.59092036E-03
 0.19561752E+03  -0.59092036E-03
 0.19584586E+03  -0.59092036E-03
 0.19607419E+03  -0.59092036E-03
 0.19630253E+03  -0.59092036E-03
 0.19653087E+03  -0.59092036E-03
 0.19675921E+03  -0.59092036E-03
 0.19698755E+03  -0.59092036E-03
 0.19721588E+03  -0.59092036E-03
 0.19744422E+03  -0.59092036E-03
 0.19767256E+03  -0.59092036E-03
 0.19790090E+03  -0.59092036E-03
 0.19812924E+03  -0.59092036E-03
 0.19835757E+03  -0.59092036E-03
 0.19858591E+03  -0.59092036E-03
 0.19881425E+03  -0.59092036E-03
 0.19904259E+03  -0.59092036E-03
 0.19927093E+03  -0.59092036E-03
 0.19949926E+03  -0.59092036E-03
 0.19972760E+03  -0.59092036E-03
 0.19995594E+03  -0.59092036E-03
 0.20018428E+03  -0.59092036E-03
 0.20041262E+03  -0.59092036E-03
 0.20064095E+03  -0.59092036E-03
 0.20086929E+03  -0.59092036E-03
 0.20109763E+03  -0.59092036E-03
 0.20132597E+03  -0.59092036E-03
 0.20155431E+03  -0.59092036E-03
 0.20178264E+03  -0.59092036E-03
 0.20201098E+03  -0.59092036E-03
 0.20223932E+03  -0.59092036E-03
 0.20246766E+03  -0.59092036E-03
 0.20269600E+03  -0.59092036E-03
 0.20292433E+03  -0.59092036E-03
 0.20315267E+03  -0.59092036E-03
 0.20338101E+03  -0.59092036E-03
 0.20360935E+03  -0.59092036E-03
 0.20383769E+03  -0.59092036E-03
 0.20406602E+03  -0.59092036E-03
 0.20429436E+03  -0.59092036E-03
 0.20452270E+03  -0.59092036E-03
 0.20475104E+03  -0.59092036E-03
 0.20497938E+03  -0.59092036E-03
 0.20520771E+03  -0.59092036E-03
 0.20543605E+03  -0.59092036E-03
 0.20566439E+03  -0.59092036E-03
 0.20589273E+03  -0.59092036E-03
 0.20612106E+03  -0.59092036E-03
 0.20634940E+03  -0.59092036E-03
 0.20657774E+03  -0.59092036E-03
 0.20680608E+03  -0.59092036E-03
 0.20703442E+03  -0.59092036E-03
 0.20726275E+03  -0.59092036E-03
 0.20749109E+03  -0.59092036E-03
 0.20771943E+03  -0.59092036E-03
 0.20794777E+03  -0.59092036E-03
 0.20817611E+03  -0.59092036E-03
 0.20840444E+03  -0.59092036E-03
 0.20863278E+03  -0.59092036E-03
 0.20886112E+03  -0.59092036E-03
 0.20908946E+03  -0.59092036E-03
 0.20931780E+03  -0.59092036E-03
 0.20954613E+03  -0.59092036E-03
 0.20977447E+03  -0.59092036E-03
 0.21000281E+03  -0.59092036E-03
 0.21023115E+03  -0.59092036E-03
 0.21045949E+03  -0.59092036E-03
 0.21068782E+03  -0.59092036E-03
 0.21091616E+03  -0.59092036E-03
 0.21114450E+03  -0.59092036E-03
