 -0.3410445      0.0000000E+00
  0.0000000E+00  8.3291950E-03
  0.3410445      2.7084116E-02
  0.6820891      2.7800184E-02
   1.023134      2.7800390E-02
   1.364178      2.7800199E-02
   1.705223      2.7737882E-02
   2.046267      2.7798168E-02
   2.387312      2.7800022E-02
   2.728356      2.7800594E-02
   3.069401      2.7800534E-02
   3.410445     -0.1619045    
   3.751490      1.4514304E-02
   4.092535      2.7800662E-02
   4.433579      2.7800249E-02
   4.774624      2.7799381E-02
   5.115668      4.0589003E-03
   5.456713      0.1211531    
   5.797757     -0.1640727    
   6.138802      0.1237369    
   6.479846      2.7800761E-02
   6.820891      4.9783375E-02
   7.161935      3.1111659E-02
   7.502980      2.7799737E-02
   7.844025      2.7800919E-02
   8.185069      0.1367292    
   8.526114     -0.1372001    
   8.867158      0.1470723    
   9.208202      2.7800689E-02
   9.549248      2.7798792E-02
   9.890292      2.7802268E-02
   10.23134     -0.1664828    
   10.57238     -1.9659275E-02
   10.91343      2.7798545E-02
   11.25447      2.7804693E-02
   11.59551      2.7794784E-02
   11.93656     -3.2070335E-02
   12.27760      1.0015141E-02
   12.61865      2.7796494E-02
   12.95969      0.4400718    
   13.30074     -0.7968082    
   13.64178      0.4779268    
   13.98283      0.3347653    
   14.32387     -0.5592552    
   14.66492      0.3213532    
   15.00596      2.7796494E-02
   15.34700     -3.9437436E-03
   15.68805      1.4554131E-02
   16.02909      2.7807239E-02
   16.37014      2.7804693E-02
   16.71118      0.8955241    
   17.05223      -1.576578    
   17.39327      0.9593805    
   17.73432       1.061129    
   18.07536      -2.041560    
   18.41640      0.9607908    
   18.75745      0.7364511    
   19.09850      0.3802297    
   19.43954     -7.8018777E-02
   19.78058     -7.8321882E-02
   20.12163     -8.0158859E-02
   20.46267       1.628109    
   20.80372      0.9200230    
   21.14476     -0.7427071    
   21.48581      3.4978915E-02
   21.82685     -9.1059178E-02
   22.16790     -0.7356724    
   22.50894     -0.5783824    
   22.84999     -1.6399112E-05
   23.19103       1.241642    
   23.53207      -2.483138    
   23.87312      0.4361787    
   24.21416     -0.6810170    
   24.55521      0.0000000E+00
   24.89625      0.0000000E+00
   25.23730      0.0000000E+00
   25.57834      -2.018437    
   25.91939      -1.946378    
   26.26043     -1.6398928E-05
   26.60147      0.0000000E+00
   26.94252       1.027109    
   27.28356      -2.255506    
   27.62461      0.8057376    
   27.96565     -1.6398195E-05
   28.30670      1.6399112E-05
   28.64774      0.3639866    
   28.98879      0.2235855    
   29.32983       1.557189    
   29.67088      1.6398928E-05
   30.01192     -1.6399112E-05
   30.35296      8.1990975E-06
   30.69401      0.8944814    
   31.03505       1.282210    
   31.37610      0.0000000E+00
   31.71714      0.0000000E+00
   32.05819      8.1994640E-06
   32.39923      0.2471290    
   32.74028      -2.199482    
   33.08132      0.7150515    
   33.42237      0.0000000E+00
   33.76341     -8.1994640E-06
   34.10445      -1.086405    
   34.44550      -2.058221    
   34.78654      3.2796390E-05
   35.12759     -2.8698123E-05
   35.46863     -1.2298646E-05
   35.80968     -0.2868770    
   36.15072     -0.1298093    
   36.49177      -1.001070    
   36.83281      0.5004932    
   37.17385     -2.0497744E-06
   37.51490      9.2523739E-02
   37.85595       1.128451    
   38.19699      -1.781185    
   38.53803      0.8904973    
   38.87908     -1.2299472E-05
   39.22012      0.3473507    
   39.56117       1.057296    
   39.90221     -3.6895937E-05
   40.24326      8.1994640E-06
   40.58430     -1.2298646E-05
   40.92535      0.1763090    
   41.26639      0.6453696    
   41.60743      0.1885137    
   41.94848     -0.3770933    
   42.28952      0.1885300    
   42.63057     -0.2196882    
   42.97161     -0.9885078    
   43.31266      8.1994640E-06
   43.65370     -1.6398195E-05
   43.99475      8.1996477E-06
   44.33579     -0.2575288    
   44.67683      -1.469696    
   45.01788      0.0000000E+00
   45.35892      8.1990975E-06
   45.69997      4.9196784E-05
   46.04101     -4.8669841E-02
   46.38206     -0.3691809    
   46.72310      0.0000000E+00
   47.06415       1.170106    
   47.40519      -2.340143    
   47.74623       1.248952    
   48.08728      0.8638569    
   48.42833      0.0000000E+00
   48.76937      0.2210461    
   49.11041     -0.4418887    
   49.45146      0.2628315    
   49.79250      0.7815052    
   50.13355      0.0000000E+00
   50.47459      9.8389166E-05
   50.81564     -9.8393568E-05
   51.15668      4.0077187E-02
   51.49773       2.153048    
   51.83877     -3.2796390E-05
   52.17982      0.0000000E+00
   52.52086      1.8825969E-02
   52.86190     -0.9047212    
   53.20295      -2.394473    
   53.54399     -0.1321367    
   53.88504     -0.1049859    
   54.22608     -0.1038334    
   54.56713     -0.1044635    
   54.90817      0.2829281    
   55.24922     -0.9221324    
   55.59026      0.6165341    
   55.93130     -0.6134893    
   56.27235      0.3624657    
   56.61340      -5.116761    
   56.95444     -0.3916480    
   57.29548      0.2766641    
   57.63653     -0.3788237    
   57.97757      0.5141818    
   58.31862     -0.5684524    
   58.65966      0.2763096    
   59.00071      5.8183398E-02
   59.34175      5.8115203E-02
   59.68280      0.1569705    
   60.02384      -1.280523    
   60.36488      0.1198380    
   60.70593     -0.2564136    
   61.04697      0.2154723    
   61.38802      5.8314588E-02
   61.72906       2.841938    
   62.07011      0.6615983    
   62.41115      5.8180794E-02
   62.75220      5.8119103E-02
   63.09324      5.8183398E-02
   63.43428       5.607724    
   63.77533       1.541171    
   64.11637      5.8115203E-02
   64.45742      5.8117799E-02
   64.79846      5.8246389E-02
   65.13951      5.8117799E-02
   65.48055      5.8251597E-02
   65.82159      5.8112599E-02
   66.16264      5.8251597E-02
   66.50368      5.8115203E-02
   66.84473      5.8178190E-02
   67.18578      5.8185998E-02
   67.52682      5.6934532E-02
   67.86787      1.8758694E-02
   68.20892      0.0000000E+00
