 -0.3410445      0.0000000E+00
  0.0000000E+00  7.7415636E-04
  0.3410445      7.7415636E-04
  0.6820891      3.3384473E-03
   1.023134      5.7008760E-03
   1.364178      7.1649975E-03
   1.705223      8.4212115E-03
   2.046267      9.5443223E-03
   2.387312      1.0577786E-02
   2.728356      1.1540304E-02
   3.069401      1.2440373E-02
   3.410445      1.3290152E-02
   3.751490     -3.5348432E-03
   4.092535     -5.0690230E-03
   4.433579      4.1160178E-03
   4.774624      6.7863809E-03
   5.115668      8.4968768E-03
   5.456713      7.7039455E-03
   5.797757      1.7469743E-02
   6.138802      2.3187199E-03
   6.479846      7.1222507E-03
   6.820891      1.6643008E-02
   7.161935      1.6238715E-02
   7.502980      1.7455645E-02
   7.844025      1.7265255E-02
   8.185069      1.7711557E-02
   8.526114      2.8428683E-02
   8.867158      1.4307820E-02
   9.208202      2.0167505E-02
   9.549248      2.8057795E-02
   9.890292      2.3929821E-02
   10.23134      2.4054108E-02
   10.57238      6.2570767E-03
   10.91343      1.0796632E-03
   11.25447      9.9055404E-03
   11.59551      1.3822556E-02
   11.93656      1.5517157E-02
   12.27760      1.1296679E-02
   12.61865      1.0436716E-02
   12.95969      1.4013077E-02
   13.30074      5.4445643E-02
   13.64178     -1.8642208E-02
   13.98283      1.0815805E-03
   14.32387      6.7166984E-02
   14.66492     -1.1294713E-03
   15.00596      9.1576679E-03
   15.34700      3.5328433E-02
   15.68805      2.2353513E-02
   16.02909      2.1088211E-02
   16.37014      2.2762606E-02
   16.71118      2.3982549E-02
   17.05223      0.1053107    
   17.39327     -3.8293891E-02
   17.73432      8.5476256E-04
   18.07536      0.1685439    
   18.41640     -5.2001297E-02
   18.75745     -2.4821531E-02
   19.09850      0.1311342    
   19.43954      0.1354453    
   19.78058      9.5329165E-02
   20.12163      6.3938357E-02
   20.46267      5.2217934E-02
   20.80372      0.2018298    
   21.14476      0.2969410    
   21.48581      0.1578631    
   21.82685      0.1020101    
   22.16790      0.1108271    
   22.50894      3.3792928E-02
   22.84999     -2.5890192E-02
   23.19103     -4.3886571E-04
   23.53207      0.1423876    
   23.87312     -7.7053010E-02
   24.21416     -0.1038436    
   24.55521     -6.0640249E-02
   24.89625     -7.1501084E-02
   25.23730     -3.5924345E-02
   25.57834     -2.7483642E-02
   25.91939     -0.2091280    
   26.26043     -0.3969751    
   26.60147     -0.3138249    
   26.94252     -0.2091282    
   27.28356     -8.7524280E-02
   27.62461     -0.2726532    
   27.96565     -0.2423355    
   28.30670     -0.1324785    
   28.64774     -0.1481525    
   28.98879     -0.1049217    
   29.32983     -7.4055381E-02
   29.67088      6.2500432E-02
   30.01192      6.4647920E-02
   30.35296     -3.3970803E-03
   30.69401     -1.2298605E-02
   31.03505      6.5584622E-02
   31.37610      0.1865066    
   31.71714      0.1514375    
   32.05819      8.6026751E-02
   32.39923      7.1531408E-02
   32.74028      8.4416769E-02
   33.08132     -0.1261030    
   33.42237     -8.8929385E-02
   33.76341      7.5118584E-03
   34.10445     -1.3780182E-02
   34.44550     -0.1131344    
   34.78654     -0.3094507    
   35.12759     -0.2714661    
   35.46863     -0.1706418    
   35.80968     -0.1501019    
   36.15072     -0.1624147    
   36.49177     -0.1653309    
   36.83281     -0.2377601    
   37.17385     -0.1821048    
   37.51490     -0.1262277    
   37.85595     -0.1263463    
   38.19699     -1.4116359E-02
   38.53803     -0.1715681    
   38.87908     -0.1450725    
   39.22012     -6.4100064E-02
   39.56117     -6.0886685E-02
   39.90221      4.0916637E-02
   40.24326      3.3198532E-02
   40.58430     -1.4797798E-02
   40.92535     -2.2145791E-02
   41.26639     -1.0323484E-02
   41.60743      4.7638863E-02
   41.94848      5.8812011E-02
   42.28952     -6.8744048E-03
   42.63057     -6.4652837E-03
   42.97161     -1.4753376E-02
   43.31266     -0.1178734    
   43.65370     -0.1163088    
   43.99475     -7.2411299E-02
   44.33579     -6.5873533E-02
   44.67683     -8.5490175E-02
   45.01788     -0.2204273    
   45.35892     -0.2147627    
   45.69997     -0.1449786    
   46.04101     -0.1315609    
   46.38206     -0.1265926    
   46.72310     -0.1539632    
   47.06415     -0.1480978    
   47.40519     -1.7654274E-02
   47.74623     -0.2216501    
   48.08728     -0.1658709    
   48.42833      2.2683512E-02
   48.76937     -1.3623163E-02
   49.11041     -3.0274190E-02
   49.45146     -7.4297726E-02
   49.79250     -6.4473294E-02
   50.13355      2.6762858E-02
   50.47459      2.0909637E-02
   50.81564     -1.4896071E-02
   51.15668     -2.0791372E-02
   51.49773     -2.0922560E-02
   51.83877      0.1767350    
   52.17982      0.1851087    
   52.52086      8.6640701E-02
   52.86190      7.1603395E-02
   53.20295     -2.3942862E-02
   53.54399     -0.2610216    
   53.88504     -0.2529562    
   54.22608     -0.1548420    
   54.56713     -0.1419757    
   54.90817     -0.1353392    
   55.24922     -9.5547765E-02
   55.59026     -0.1671997    
   55.93130     -0.1210660    
   56.27235     -0.1299171    
   56.61340     -0.1178176    
   56.95444     -0.5611178    
   57.29548     -0.6356314    
   57.63653     -0.3794723    
   57.97757     -0.3561249    
   58.31862     -0.2925909    
   58.65966     -0.3048793    
   59.00071     -0.2863423    
   59.34175     -0.2421696    
   59.68280     -0.2345390    
   60.02384     -0.2124629    
   60.36488     -0.3249985    
   60.70593     -0.3211761    
   61.04697     -0.2815884    
   61.38802     -0.2541585    
   61.72906     -0.2258502    
   62.07011      3.9259527E-02
   62.41115      0.1211748    
   62.75220      8.5282549E-03
   63.09324     -3.0489679E-02
   63.43428     -4.1106191E-02
   63.77533      0.4684272    
   64.11637      0.6338192    
   64.45742      0.3907041    
   64.79846      0.2830526    
   65.13951      0.2447540    
   65.48055      0.2174652    
   65.82159      0.1969296    
   66.16264      0.1808776    
   66.50368      0.1680033    
   66.84473      0.1574522    
   67.18578      0.1486727    
   67.52682      0.1412822    
   67.86787      0.1348713    
   68.20892      0.1257959    
   69.30026      0.1156021    
   70.39161      9.1920845E-02
   71.48295      7.7155605E-02
   72.57430      6.6564113E-02
   73.66563      5.8476966E-02
   74.75698      5.2062675E-02
   75.84832      4.6837959E-02
   76.93967      4.2495679E-02
   78.03101      3.8828701E-02
   79.12235      3.5691168E-02
   80.21369      3.2977015E-02
   81.30504      3.0606972E-02
   82.39638      2.8520543E-02
   83.48772      2.6670594E-02
   84.57906      2.5020042E-02
   85.67041      2.3538973E-02
   86.76175      2.2203334E-02
   87.85309      2.0993289E-02
   88.94444      1.9892428E-02
   90.03578      1.8887136E-02
   91.12712      1.7965872E-02
   92.21846      1.7118931E-02
   93.30981      1.6337965E-02
   94.40115      1.5615886E-02
   95.49249      1.4946498E-02
   96.58383      1.4324483E-02
   97.67518      1.3745200E-02
   98.76652      1.3204568E-02
   99.85786      1.2699025E-02
   100.9492      1.2225410E-02
   102.0406      1.1780917E-02
   103.1319      1.1363065E-02
   104.2232      1.0969663E-02
   105.3146      1.0598696E-02
   106.4059      1.0248426E-02
   107.4973      9.9172210E-03
   108.5886      9.6036568E-03
   109.6799      9.3064308E-03
   110.7713      9.0243593E-03
   111.8626      8.7563824E-03
   112.9540      8.5015083E-03
   114.0453      8.2588578E-03
   115.1367      8.0276178E-03
   116.2280      7.8070480E-03
   117.3194      7.5964518E-03
   118.4107      7.3952260E-03
   119.5020      7.2027780E-03
   120.5934      7.0185740E-03
   121.6847      6.8421317E-03
   122.7761      6.6730115E-03
